0 0.478125 0.66796875 0.046875 0.0453125
0 0.9125 0.421875 0.0546875 0.0484375
0 0.765625 0.7125 0.046875 0.040625
0 0.37265625 0.2484375 0.0359375 0.0328125
0 0.06796875 0.05234375 0.0421875 0.0359375
0 0.65390625 0.228125 0.040625 0.0375
0 0.30078125 0.7265625 0.0390625 0.03125
0 0.23046875 0.6078125 0.0453125 0.046875
0 0.2859375 0.29609375 0.03125 0.0234375
0 0.43203125 0.7375 0.028125 0.0265625
0 0.984375 0.46875 0.03125 0.0296875
0 0.57734375 0.64140625 0.0234375 0.0234375
0 0.940625 0.45234375 0.028125 0.0265625
0 0.16875 0.053125 0.03125 0.0296875
0 0.425 0.3328125 0.0421875 0.034375
0 0.30390625 0.88359375 0.0375 0.0328125
0 0.60234375 0.24140625 0.0234375 0.0234375
0 0.171875 0.8265625 0.03125 0.0265625
0 0.4984375 0.35703125 0.0203125 0.0203125
0 0.8609375 0.140625 0.0203125 0.0234375
0 0.675 0.18203125 0.025 0.025
0 0.3140625 0.37734375 0.028125 0.028125
0 0.48671875 0.37890625 0.0296875 0.034375
0 0.19453125 0.425 0.0359375 0.0375
0 0.53671875 0.4328125 0.021875 0.0234375
0 0.87265625 0.7671875 0.025 0.025
0 0.13671875 0.63828125 0.0484375 0.0484375
0 0.196875 0.26953125 0.0234375 0.021875
0 0.3859375 0.2171875 0.025 0.025
0 0.63828125 0.69453125 0.03125 0.028125
0 0.503125 0.15390625 0.0296875 0.0296875
0 0.55234375 0.984375 0.0296875 0.025
0 0.01171875 0.5640625 0.0234375 0.0359375
0 0.375 0.78046875 0.01875 0.0171875
0 0.19609375 0.50234375 0.025 0.0234375
0 0.5671875 0.384375 0.03125 0.028125
0 0.88828125 0.5625 0.034375 0.0296875
0 0.58671875 0.83203125 0.03125 0.03125
0 0.9109375 0.20390625 0.0203125 0.0203125
0 0.98671875 0.30546875 0.0234375 0.0234375
0 0.22109375 0.93203125 0.0265625 0.025
0 0.26640625 0.4875 0.0234375 0.021875
0 0.3265625 0.02734375 0.025 0.021875
0 0.4390625 0.6546875 0.021875 0.0203125
0 0.73515625 0.0109375 0.0234375 0.021875
0 0.0109375 0.12890625 0.021875 0.0328125
0 0.475 0.6296875 0.0140625 0.0140625
0 0.33984375 0.93125 0.021875 0.021875
0 0.2765625 0.51640625 0.0171875 0.015625
0 0.009375 0.68515625 0.01875 0.0234375
0 0.3625 0.51875 0.01875 0.01875
0 0.0140625 0.62578125 0.028125 0.0328125
0 0.1828125 0.096875 0.0203125 0.01875
0 0.77890625 0.8921875 0.028125 0.0265625
0 0.084375 0.7640625 0.0265625 0.025
0 0.64453125 0.05234375 0.0234375 0.0234375
0 0.4875 0.81796875 0.028125 0.0234375
0 0.12890625 0.20546875 0.025 0.025
0 0.953125 0.34609375 0.01875 0.01875
0 0.06015625 0.5640625 0.028125 0.0296875
0 0.11171875 0.65703125 0.01875 0.01875
0 0.559375 0.55234375 0.0203125 0.0203125
0 0.44140625 0.92421875 0.0375 0.0328125
0 0.6484375 0.15625 0.01875 0.021875
0 0.21015625 0.02734375 0.0203125 0.0203125
0 0.15 0.5515625 0.015625 0.015625
0 0.88125 0.36015625 0.01875 0.01875
0 0.0953125 0.58515625 0.053125 0.04375
0 0.28125 0.78515625 0.021875 0.021875
0 0.58203125 0.66875 0.0171875 0.015625
0 0.1703125 0.65625 0.01875 0.01875
0 0.67578125 0.02578125 0.0171875 0.0171875
0 0.10859375 0.521875 0.0203125 0.01875
0 0.6765625 0.11875 0.01875 0.01875
0 0.715625 0.1046875 0.0328125 0.03125
0 0.3625 0.70078125 0.021875 0.0203125
0 0.62421875 0.1609375 0.028125 0.0265625
0 0.61796875 0.20234375 0.021875 0.0203125
0 0.87890625 0.1296875 0.0140625 0.0140625
0 0.82890625 0.84375 0.021875 0.0203125
0 0.403125 0.4671875 0.0421875 0.034375
0 0.80078125 0.1109375 0.0140625 0.0171875
0 0.746875 0.0375 0.0203125 0.01875
0 0.2078125 0.4109375 0.0265625 0.0265625
0 0.40703125 0.36796875 0.0171875 0.01875
0 0.3546875 0.4921875 0.0125 0.0140625
0 0.67421875 0.41015625 0.03125 0.028125
0 0.6 0.55859375 0.0203125 0.01875
0 0.3203125 0.553125 0.01875 0.01875
0 0.665625 0.05625 0.0171875 0.0171875
0 0.37265625 0.88828125 0.0171875 0.015625
0 0.3546875 0.64921875 0.0203125 0.0203125
0 0.20234375 0.08984375 0.01875 0.0171875
0 0.81484375 0.9375 0.021875 0.021875
0 0.45859375 0.78984375 0.0171875 0.0140625
0 0.7484375 0.175 0.0171875 0.0140625
0 0.68671875 0.26328125 0.0265625 0.0234375
0 0.11171875 0.71015625 0.021875 0.0203125
0 0.8125 0.9828125 0.01875 0.0171875
0 0.1609375 0.3609375 0.0234375 0.0171875
0 0.671875 0.14921875 0.01875 0.0171875
0 0.0671875 0.5015625 0.01875 0.0203125
0 0.28671875 0.28515625 0.0203125 0.01875
0 0.584375 0.57265625 0.0171875 0.0171875
0 0.503125 0.37890625 0.0109375 0.0140625
0 0.209375 0.64453125 0.0328125 0.0390625
0 0.19765625 0.66875 0.0171875 0.0171875
0 0.37734375 0.696875 0.0140625 0.0125
0 0.3734375 0.87578125 0.0140625 0.0140625
0 0.69296875 0.4234375 0.025 0.021875
0 0.16171875 0.184375 0.0125 0.015625
0 0.81640625 0.41953125 0.01875 0.0203125
0 0.7359375 0.359375 0.025 0.0234375
0 0.60625 0.3734375 0.01875 0.0203125