0 0.19296875 0.6890625 0.0296875 0.0296875
0 0.12578125 0.66015625 0.0328125 0.03125
0 0.38984375 0.5640625 0.0546875 0.04375
0 0.3734375 0.68984375 0.040625 0.040625
0 0.40859375 0.75390625 0.04375 0.0453125
0 0.45859375 0.6953125 0.034375 0.0328125
0 0.2734375 0.57109375 0.0359375 0.0359375
0 0.3 0.5203125 0.0671875 0.0703125
0 0.5078125 0.73125 0.040625 0.0375
0 0.4515625 0.878125 0.0328125 0.0296875
0 0.875 0.83515625 0.0453125 0.04375
0 0.93984375 0.75078125 0.0390625 0.040625
0 0.86875 0.66640625 0.0453125 0.046875
0 0.4953125 0.85 0.0328125 0.0296875
0 0.49609375 0.76953125 0.0484375 0.0484375
0 0.603125 0.76796875 0.0390625 0.03125
0 0.4484375 0.6265625 0.0453125 0.040625
0 0.5078125 0.51328125 0.0359375 0.0359375
0 0.54140625 0.4828125 0.0359375 0.034375
0 0.596875 0.47890625 0.0390625 0.04375
0 0.5796875 0.3875 0.028125 0.028125
0 0.65859375 0.4125 0.034375 0.0359375
0 0.50078125 0.6140625 0.034375 0.03125
0 0.309375 0.4375 0.0578125 0.0515625
0 0.28671875 0.38125 0.065625 0.0640625
0 0.39609375 0.40234375 0.0578125 0.0546875
0 0.453125 0.328125 0.0609375 0.06875
0 0.26796875 0.33125 0.05 0.0484375
0 0.20625 0.1421875 0.046875 0.053125
0 0.2375 0.15625 0.0484375 0.059375
0 0.2859375 0.1171875 0.0453125 0.0453125
0 0.36796875 0.19296875 0.0828125 0.1
0 0.31328125 0.0203125 0.04375 0.0328125
0 0.15234375 0.5921875 0.0328125 0.0328125
0 0.61875 0.421875 0.0375 0.0234375
0 0.68671875 0.42734375 0.0203125 0.0234375
0 0.79609375 0.7078125 0.0171875 0.021875
0 0.41328125 0.97109375 0.025 0.021875
0 0.54453125 0.80078125 0.0328125 0.025