0 0.4375 0.23046875 0.0390625 0.0390625
0 0.4390625 0.2609375 0.0171875 0.0140625
0 0.73515625 0.2859375 0.0625 0.0484375
0 0.7125 0.2078125 0.040625 0.0375
0 0.31328125 0.2078125 0.046875 0.0296875
0 0.33046875 0.22890625 0.01875 0.0140625
0 0.2265625 0.20390625 0.01875 0.0203125
0 0.37109375 0.2234375 0.04375 0.0421875
0 0.2953125 0.0828125 0.040625 0.03125
0 0.259375 0.06171875 0.0140625 0.0140625
0 0.0171875 0.01484375 0.03125 0.025
0 0.0546875 0.01171875 0.03125 0.0171875
0 0.1015625 0.01328125 0.046875 0.0203125
0 0.13828125 0.00625 0.0421875 0.009375
0 0.1484375 0.06328125 0.0359375 0.021875
0 0.2921875 0.04140625 0.0171875 0.0125
0 0.3453125 0.08984375 0.009375 0.0109375
0 0.415625 0.0890625 0.0078125 0.0109375
0 0.31328125 0.01875 0.0140625 0.0140625
0 0.1578125 0.2125 0.015625 0.0140625
0 0.14140625 0.2296875 0.015625 0.015625
0 0.0234375 0.08046875 0.03125 0.025
0 0.15234375 0.2703125 0.05625 0.0453125
0 0.1921875 0.26328125 0.0109375 0.0125
0 0.21015625 0.275 0.0125 0.0125
0 0.015625 0.33125 0.025 0.0234375
0 0.02578125 0.35390625 0.0203125 0.0125
0 0.07265625 0.37578125 0.0421875 0.0515625
0 0.16484375 0.4484375 0.046875 0.05
0 0.25546875 0.36484375 0.0109375 0.0125
0 0.18125 0.3734375 0.0109375 0.0140625
0 0.37265625 0.28125 0.0109375 0.009375
0 0.278125 0.14140625 0.0125 0.0125
0 0.471875 0.30390625 0.0125 0.0125
0 0.44765625 0.31328125 0.0109375 0.0109375
0 0.4546875 0.32578125 0.0109375 0.0125
0 0.49609375 0.30703125 0.0171875 0.0125
0 0.50234375 0.32734375 0.0125 0.0125
0 0.33828125 0.159375 0.009375 0.0109375
0 0.41796875 0.42734375 0.03125 0.0265625
0 0.0703125 0.4453125 0.021875 0.0265625
0 0.12578125 0.44375 0.0171875 0.021875
0 0.12578125 0.53515625 0.0453125 0.040625
0 0.11171875 0.58515625 0.0375 0.03125
0 0.31328125 0.5875 0.0203125 0.0203125
0 0.30625 0.54921875 0.0125 0.0140625
0 0.2734375 0.57109375 0.0109375 0.0109375
0 0.30078125 0.6109375 0.0078125 0.0109375
0 0.37890625 0.51328125 0.0171875 0.0171875
0 0.4203125 0.47265625 0.0125 0.0140625
0 0.4375 0.46328125 0.0140625 0.0109375
0 0.484375 0.49140625 0.015625 0.01875
0 0.5296875 0.571875 0.0265625 0.0234375
0 0.37734375 0.68984375 0.015625 0.015625
0 0.378125 0.70390625 0.009375 0.0109375
0 0.45703125 0.7 0.0109375 0.0125
0 0.50078125 0.67109375 0.01875 0.021875
0 0.396875 0.65546875 0.009375 0.009375
0 0.13359375 0.71171875 0.034375 0.0359375
0 0.3171875 0.790625 0.046875 0.05
0 0.04375 0.753125 0.0578125 0.0421875
0 0.0671875 0.71875 0.0171875 0.015625
0 0.096875 0.71953125 0.0171875 0.015625
0 0.01875 0.72734375 0.028125 0.0265625
0 0.08125 0.7 0.0109375 0.015625
0 0.0234375 0.8640625 0.0359375 0.03125
0 0.0828125 0.84453125 0.0171875 0.0140625
0 0.115625 0.859375 0.0171875 0.0171875
0 0.109375 0.8859375 0.034375 0.0328125
0 0.1 0.93515625 0.0125 0.0125
0 0.1640625 0.89453125 0.0421875 0.046875
0 0.01171875 0.95078125 0.01875 0.03125
0 0.240625 0.8578125 0.0234375 0.0234375
0 0.5453125 0.8375 0.015625 0.0171875
0 0.6796875 0.84453125 0.0171875 0.021875
0 0.378125 0.90546875 0.0265625 0.0328125
0 0.2375 0.90625 0.028125 0.0265625
0 0.17109375 0.11015625 0.0140625 0.009375
0 0.74609375 0.22734375 0.0234375 0.0203125
0 0.7 0.24609375 0.015625 0.015625
0 0.659375 0.23515625 0.0109375 0.0109375
0 0.72109375 0.32265625 0.0203125 0.015625
0 0.7859375 0.32890625 0.0609375 0.053125
0 0.78125 0.25546875 0.0171875 0.0171875
0 0.76171875 0.203125 0.0109375 0.0109375
0 0.81640625 0.2875 0.046875 0.0453125
0 0.84375 0.30703125 0.0359375 0.0375
0 0.86953125 0.32734375 0.03125 0.03125
0 0.8921875 0.296875 0.0203125 0.0203125
0 0.43125 0.51015625 0.01875 0.0171875
0 0.39609375 0.47734375 0.009375 0.009375
0 0.52890625 0.359375 0.0109375 0.0125
0 0.5125 0.41953125 0.0140625 0.0140625
0 0.54453125 0.4234375 0.0109375 0.0125
0 0.66953125 0.440625 0.0140625 0.0140625
0 0.67421875 0.49921875 0.0125 0.009375
0 0.69453125 0.48984375 0.0125 0.0125
0 0.61328125 0.60078125 0.0125 0.0078125
0 0.671875 0.6 0.0125 0.0109375
0 0.5796875 0.51640625 0.015625 0.0171875
0 0.78203125 0.5640625 0.0109375 0.0109375
0 0.7875 0.4625 0.0453125 0.0328125
0 0.77890625 0.4609375 0.025 0.0234375
0 0.7609375 0.4296875 0.0125 0.0125
0 0.78046875 0.43359375 0.015625 0.015625
0 0.79765625 0.3671875 0.01875 0.015625
0 0.8703125 0.4 0.0125 0.0125
0 0.4671875 0.78125 0.0140625 0.015625
0 0.53046875 0.784375 0.0109375 0.0109375
0 0.24453125 0.61640625 0.0125 0.0109375
0 0.27734375 0.61484375 0.009375 0.009375
0 0.13046875 0.7453125 0.0140625 0.0140625
0 0.553125 0.61953125 0.0296875 0.0328125
0 0.8578125 0.859375 0.0234375 0.021875
0 0.884375 0.9609375 0.028125 0.0265625
0 0.82109375 0.946875 0.0140625 0.0140625
0 0.809375 0.825 0.0109375 0.0109375
0 0.82109375 0.78125 0.0125 0.0125
0 0.653125 0.16875 0.0109375 0.0109375
0 0.6453125 0.190625 0.0109375 0.009375
0 0.1078125 0.10859375 0.0109375 0.0109375
0 0.65625 0.32578125 0.0125 0.0125
0 0.75625 0.37734375 0.0109375 0.0109375
0 0.7921875 0.38984375 0.0140625 0.0109375
0 0.94375 0.8234375 0.015625 0.015625
0 0.94296875 0.79921875 0.0125 0.0109375
0 0.9265625 0.76875 0.015625 0.015625
0 0.915625 0.725 0.0140625 0.0140625
0 0.828125 0.628125 0.0109375 0.009375
0 0.70390625 0.79609375 0.015625 0.0125
0 0.590625 0.7453125 0.0109375 0.0109375
0 0.52734375 0.98984375 0.015625 0.0140625
0 0.5421875 0.984375 0.0125 0.0125
0 0.39296875 0.98828125 0.0484375 0.01875
0 0.93359375 0.87109375 0.0140625 0.0109375
0 0.884375 0.5640625 0.009375 0.0109375
0 0.87890625 0.58984375 0.0140625 0.0125
0 0.87109375 0.6015625 0.0140625 0.0109375
0 0.928125 0.6140625 0.0109375 0.0140625
0 0.9796875 0.60625 0.0109375 0.0125
0 0.72890625 0.56484375 0.0109375 0.0109375
0 0.825 0.48515625 0.0140625 0.0125
0 0.87421875 0.5015625 0.0109375 0.0109375
0 0.39765625 0.38203125 0.0125 0.015625
0 0.178125 0.70703125 0.0125 0.0109375
0 0.2421875 0.71484375 0.0078125 0.009375
0 0.69453125 0.93515625 0.0125 0.0125
0 0.6953125 0.6546875 0.0109375 0.009375
0 0.77109375 0.809375 0.0109375 0.0109375
0 0.8984375 0.43125 0.0109375 0.0140625
0 0.57578125 0.196875 0.009375 0.0109375
0 0.5484375 0.1734375 0.0125 0.0109375
0 0.63671875 0.8515625 0.015625 0.015625
0 0.57890625 0.84453125 0.0078125 0.009375
0 0.56484375 0.8265625 0.0109375 0.009375
0 0.77734375 0.98828125 0.0125 0.0109375
0 0.2234375 0.3078125 0.0125 0.0140625
0 0.19296875 0.6609375 0.009375 0.0109375
0 0.2015625 0.12109375 0.0109375 0.0125
0 0.01484375 0.98515625 0.025 0.0234375
0 0.20234375 0.853125 0.046875 0.0546875
0 0.4265625 0.79375 0.0390625 0.0453125
0 0.0640625 0.1953125 0.0609375 0.0421875
0 0.346875 0.7796875 0.0359375 0.0296875
0 0.35078125 0.20390625 0.0140625 0.0171875
0 0.8828125 0.92890625 0.0109375 0.0125
0 0.2546875 0.50703125 0.0125 0.0109375
0 0.40390625 0.4703125 0.0109375 0.009375
0 0.4171875 0.7671875 0.0421875 0.0421875
0 0.5 0.7671875 0.009375 0.009375
0 0.59609375 0.7859375 0.0109375 0.009375
0 0.81015625 0.23984375 0.0109375 0.009375
0 0.146875 0.11953125 0.009375 0.0140625
0 0.2875 0.21484375 0.009375 0.0125
0 0.1703125 0.30078125 0.0125 0.0125
0 0.08359375 0.98671875 0.0125 0.0109375
0 0.3953125 0.92421875 0.0359375 0.0328125
0 0.64375 0.82734375 0.0140625 0.0140625
0 0.56015625 0.9234375 0.0125 0.0125
0 0.91875 0.96171875 0.0140625 0.0125
0 0.97265625 0.91796875 0.0109375 0.0109375
0 0.859375 0.3859375 0.0125 0.0109375
0 0.5609375 0.4390625 0.0078125 0.009375
0 0.425 0.46171875 0.009375 0.009375
0 0.46875 0.44140625 0.009375 0.0109375
0 0.48984375 0.4390625 0.0109375 0.0109375
0 0.48671875 0.80390625 0.0109375 0.0125
0 0.15625 0.94375 0.0140625 0.0125
0 0.90078125 0.5484375 0.0140625 0.0125
0 0.221875 0.46796875 0.0109375 0.0109375
0 0.4078125 0.459375 0.0078125 0.0078125
0 0.2796875 0.375 0.0140625 0.0125