0 0.24609375 0.20625 0.0484375 0.0515625
0 0.4109375 0.90078125 0.05 0.046875
0 0.10078125 0.06796875 0.0421875 0.040625
0 0.12109375 0.6578125 0.0453125 0.0359375
0 0.58203125 0.42578125 0.040625 0.0359375
0 0.11796875 0.62109375 0.0390625 0.0359375
0 0.38125 0.46171875 0.0421875 0.034375
0 0.9390625 0.9078125 0.04375 0.03125
0 0.42421875 0.0890625 0.0359375 0.0390625
0 0.9015625 0.13515625 0.0390625 0.0375
0 0.903125 0.57734375 0.0375 0.0375
0 0.3703125 0.69140625 0.034375 0.0328125
0 0.2828125 0.759375 0.0359375 0.028125
0 0.26875 0.94296875 0.028125 0.028125
0 0.878125 0.3046875 0.0375 0.0328125
0 0.796875 0.221875 0.0328125 0.03125
0 0.56796875 0.6578125 0.05 0.053125
0 0.965625 0.346875 0.0328125 0.028125
0 0.071875 0.8515625 0.0203125 0.01875
0 0.9578125 0.86484375 0.05625 0.0453125
0 0.08203125 0.3984375 0.040625 0.046875
0 0.3265625 0.509375 0.0234375 0.0234375
0 0.81484375 0.590625 0.0203125 0.0203125
0 0.309375 0.45703125 0.021875 0.0203125
0 0.87734375 0.4375 0.0234375 0.025
0 0.2515625 0.7734375 0.0234375 0.0234375
0 0.07734375 0.590625 0.078125 0.075
0 0.90390625 0.61171875 0.0515625 0.0359375
0 0.503125 0.81484375 0.025 0.025
0 0.98515625 0.08359375 0.021875 0.021875
0 0.5296875 0.20546875 0.0328125 0.0359375
0 0.7203125 0.66015625 0.0203125 0.01875
0 0.13046875 0.68984375 0.01875 0.015625
0 0.496875 0.09140625 0.0265625 0.025
0 0.28984375 0.25625 0.01875 0.0171875
0 0.053125 0.63515625 0.015625 0.0171875
0 0.6484375 0.23984375 0.021875 0.0203125
0 0.34375 0.15 0.0296875 0.028125
0 0.1390625 0.04296875 0.05 0.0453125
0 0.9109375 0.49140625 0.0171875 0.015625
0 0.31328125 0.9921875 0.015625 0.015625
0 0.6625 0.44296875 0.0171875 0.0203125
0 0.084375 0.6515625 0.0140625 0.0140625
0 0.93046875 0.30234375 0.028125 0.028125
0 0.2375 0.34375 0.0125 0.015625
0 0.7859375 0.1265625 0.03125 0.028125
0 0.19140625 0.76640625 0.0171875 0.015625
0 0.41640625 0.79140625 0.0203125 0.01875
0 0.0765625 0.440625 0.0328125 0.03125
0 0.84453125 0.5328125 0.0125 0.0125
0 0.5109375 0.896875 0.01875 0.01875
0 0.09765625 0.7828125 0.015625 0.015625
0 0.23046875 0.54296875 0.0171875 0.0171875
0 0.6859375 0.13125 0.01875 0.0171875
0 0.659375 0.57890625 0.0109375 0.0109375
0 0.846875 0.39609375 0.01875 0.0171875
0 0.6515625 0.83671875 0.0203125 0.0203125
0 0.66328125 0.4765625 0.0109375 0.0078125
0 0.00703125 0.146875 0.0140625 0.040625
0 0.8546875 0.8203125 0.0203125 0.01875
0 0.62421875 0.590625 0.0140625 0.0140625
0 0.2265625 0.58671875 0.0140625 0.0140625
0 0.359375 0.43828125 0.01875 0.01875
0 0.3484375 0.11328125 0.0203125 0.0171875
0 0.5609375 0.171875 0.015625 0.015625
0 0.02734375 0.83515625 0.01875 0.01875
0 0.53203125 0.05390625 0.0125 0.0109375
0 0.3015625 0.7359375 0.0171875 0.01875
0 0.571875 0.209375 0.015625 0.0171875
0 0.25546875 0.4375 0.0140625 0.0125
0 0.03359375 0.6203125 0.01875 0.01875
0 0.01328125 0.27265625 0.0171875 0.015625
0 0.35703125 0.89375 0.0171875 0.0171875
0 0.38125 0.9171875 0.015625 0.015625
0 0.246875 0.96953125 0.0140625 0.0140625
0 0.95234375 0.45390625 0.0171875 0.015625
0 0.146875 0.4640625 0.015625 0.0140625
0 0.20703125 0.984375 0.0140625 0.0125
0 0.22109375 0.9546875 0.0125 0.0125
0 0.1625 0.3140625 0.0171875 0.015625
0 0.775 0.17578125 0.0453125 0.0484375
0 0.184375 0.48984375 0.015625 0.0140625
0 0.61015625 0.271875 0.0234375 0.0234375
0 0.0125 0.440625 0.025 0.034375
0 0.58828125 0.46796875 0.015625 0.015625
0 0.05 0.45 0.0203125 0.01875
0 0.65703125 0.63828125 0.0390625 0.0421875
0 0.640625 0.5875 0.0140625 0.0125
0 0.484375 0.2109375 0.04375 0.04375
0 0.6875 0.10078125 0.01875 0.0171875
0 0.09609375 0.92890625 0.0140625 0.0140625
0 0.72109375 0.13359375 0.0140625 0.0140625
0 0.77734375 0.8296875 0.0484375 0.040625
0 0.628125 0.71953125 0.0125 0.0140625
0 0.3359375 0.34140625 0.015625 0.0140625
0 0.41640625 0.85390625 0.0125 0.009375
0 0.2578125 0.59609375 0.021875 0.021875
0 0.36796875 0.9875 0.0140625 0.0125
0 0.21328125 0.38125 0.021875 0.01875
0 0.68046875 0.459375 0.0140625 0.0140625
0 0.215625 0.7765625 0.015625 0.015625
0 0.18984375 0.8140625 0.0171875 0.015625
0 0.2796875 0.21015625 0.0125 0.0125
0 0.44375 0.990625 0.01875 0.01875
0 0.37890625 0.2953125 0.015625 0.015625
0 0.665625 0.425 0.015625 0.0140625
0 0.83828125 0.09609375 0.015625 0.015625
0 0.3375 0.42421875 0.015625 0.0125
0 0.13203125 0.1 0.0171875 0.0171875
0 0.3875 0.79765625 0.015625 0.015625
0 0.30546875 0.22890625 0.0265625 0.0296875
0 0.04609375 0.51484375 0.0125 0.0125
0 0.2046875 0.32109375 0.015625 0.015625
0 0.665625 0.6203125 0.021875 0.01875
0 0.803125 0.89375 0.0171875 0.0171875
0 0.93203125 0.19765625 0.0296875 0.025
0 0.575 0.3421875 0.0140625 0.0140625
0 0.44453125 0.70390625 0.0078125 0.009375
0 0.67734375 0.040625 0.015625 0.015625
0 0.69453125 0.275 0.040625 0.0453125
0 0.321875 0.26015625 0.0140625 0.0140625
0 0.69921875 0.2609375 0.01875 0.015625
0 0.11328125 0.390625 0.0140625 0.0125
0 0.596875 0.20703125 0.015625 0.015625
0 0.246875 0.89375 0.015625 0.015625
0 0.06875 0.1640625 0.025 0.0296875
0 0.2015625 0.55390625 0.0125 0.01875
0 0.58203125 0.0765625 0.0140625 0.0125
0 0.11015625 0.2609375 0.0140625 0.015625
0 0.69375 0.61015625 0.015625 0.015625
0 0.13125 0.9953125 0.034375 0.009375
0 0.71796875 0.0703125 0.015625 0.0140625
0 0.1796875 0.43046875 0.021875 0.021875
0 0.91875 0.17890625 0.0171875 0.0125
0 0.4703125 0.721875 0.009375 0.009375
0 0.63515625 0.453125 0.0140625 0.0140625
0 0.26171875 0.259375 0.0140625 0.0140625
0 0.178125 0.55234375 0.0140625 0.0125
0 0.396875 0.6234375 0.0171875 0.015625
0 0.28984375 0.85859375 0.0140625 0.0140625
0 0.82421875 0.01953125 0.015625 0.0140625
0 0.0359375 0.484375 0.015625 0.01875
0 0.31875 0.690625 0.0125 0.0125
0 0.72890625 0.575 0.0125 0.0125
0 0.178125 0.996875 0.015625 0.00625
0 0.33359375 0.85859375 0.01875 0.0171875
0 0.325 0.665625 0.0296875 0.0265625
0 0.5984375 0.48125 0.0140625 0.0140625
0 0.61328125 0.2015625 0.0125 0.0109375
0 0.12265625 0.12734375 0.0140625 0.0140625
0 0.43046875 0.3421875 0.0125 0.0140625
0 0.0796875 0.578125 0.0140625 0.0140625
0 0.3609375 0.5359375 0.021875 0.0203125
0 0.725 0.20390625 0.0140625 0.0140625
0 0.51875 0.13359375 0.015625 0.0125
0 0.7171875 0.5984375 0.0140625 0.0125
0 0.34765625 0.7578125 0.0171875 0.015625
0 0.18828125 0.0578125 0.015625 0.0140625
0 0.4140625 0.75546875 0.0171875 0.015625
0 0.46015625 0.540625 0.0171875 0.015625
0 0.41015625 0.44765625 0.0171875 0.015625
0 0.54921875 0.5578125 0.0171875 0.015625
0 0.40078125 0.11484375 0.01875 0.01875
0 0.34140625 0.69609375 0.0234375 0.0234375
0 0.37265625 0.79296875 0.0125 0.0109375
0 0.13984375 0.1953125 0.0140625 0.0125
0 0.00390625 0.946875 0.0078125 0.021875
0 0.77890625 0.29140625 0.0203125 0.021875
0 0.2078125 0.2625 0.0125 0.0140625
0 0.34140625 0.9890625 0.0390625 0.021875
0 0.1515625 0.70078125 0.0140625 0.0125
0 0.253125 0.99375 0.034375 0.0125
0 0.13359375 0.021875 0.034375 0.040625
0 0.00546875 0.80625 0.0109375 0.0140625
0 0.5796875 0.22734375 0.015625 0.015625
0 0.1578125 0.38125 0.015625 0.0140625
0 0.625 0.20625 0.0125 0.0125
0 0.096875 0.546875 0.0140625 0.0125
0 0.79140625 0.90390625 0.009375 0.0109375
0 0.0328125 0.70703125 0.0125 0.0125
0 0.59609375 0.26171875 0.0359375 0.0328125
0 0.2671875 0.24765625 0.015625 0.015625
0 0.45625 0.39296875 0.0171875 0.0171875
0 0.26015625 0.92265625 0.0125 0.0125
0 0.39921875 0.94453125 0.009375 0.0109375
0 0.340625 0.43828125 0.015625 0.0125
0 0.346875 0.08984375 0.0484375 0.0359375
0 0.76484375 0.02421875 0.028125 0.015625
0 0.49765625 0.1125 0.01875 0.01875
0 0.753125 0.17890625 0.0375 0.034375
0 0.22890625 0.34140625 0.0109375 0.0140625
0 0.21953125 0.59296875 0.0140625 0.0125
0 0.42734375 0.8578125 0.0109375 0.009375
0 0.67109375 0.48203125 0.0125 0.0109375
0 0.67265625 0.45234375 0.0078125 0.009375
0 0.278125 0.29296875 0.0078125 0.0078125
0 0.284375 0.28828125 0.0078125 0.0078125
0 0.86328125 0.5203125 0.0078125 0.0078125
0 0.865625 0.51015625 0.009375 0.0078125
0 0.82109375 0.665625 0.0125 0.009375
0 0.82265625 0.4328125 0.009375 0.0109375
0 0.94453125 0.47734375 0.009375 0.009375
0 0.9546875 0.478125 0.00625 0.0078125
0 0.959375 0.46328125 0.0125 0.0078125
0 0.28203125 0.81953125 0.0125 0.0109375
0 0.3765625 0.8234375 0.0125 0.0109375
0 0.52109375 0.40078125 0.0421875 0.0359375
0 0.6296875 0.39453125 0.0390625 0.0296875
0 0.1171875 0.42265625 0.0515625 0.0578125
0 0.07421875 0.33203125 0.0546875 0.046875
0 0.04296875 0.35859375 0.021875 0.0171875
0 0.6234375 0.78515625 0.0328125 0.028125
0 0.7421875 0.8953125 0.046875 0.046875
0 0.89375 0.89765625 0.025 0.0234375
0 0.58984375 0.13984375 0.021875 0.0265625
0 0.61640625 0.08984375 0.015625 0.0140625
0 0.54609375 0.01875 0.0203125 0.01875
0 0.44921875 0.7078125 0.0078125 0.0078125