0 0.44149025811089415 0.25530677371554905 0.013699849446614584 0.013967429267035592
0 0.2933241102430556 0.654954210917155 0.01859914991590712 0.0197365230984158
0 0.4776138729519315 0.26908672120836047 0.016411929660373265 0.015408515930175781
0 0.2713551203409831 0.33959341049194336 0.015309694078233507 0.01371373070610894
0 0.2505300733778212 0.4490210003323025 0.018612840440538195 0.016088316175672742
0 0.12062415546841092 0.6244643317328559 0.014741208818223743 0.013130866156684028
0 0.4722655402289497 0.512482155693902 0.016743130154079862 0.015561336941189236
0 0.7359959072536892 0.365664185418023 0.020138719346788195 0.017285198635525176
0 0.15526849428812664 0.3579517364501953 0.016386805640326605 0.015401967366536458
0 0.31714892917209203 0.14914807743496367 0.01559083726671007 0.014472315046522353
0 0.2424610349867079 0.48787975311279297 0.01432999504937066 0.013923602634006077
0 0.49502898322211375 0.4908467822604709 0.01364958021375868 0.013499832153320313
0 0.3670485602484809 0.2306710031297472 0.01467412312825521 0.01506354014078776
0 0.46995538075764975 0.2095195558336046 0.014296934339735244 0.015422015719943578
0 0.13077730072869195 0.4837428410847982 0.015415159861246745 0.014987479315863715
0 0.5500088797675239 0.3560597207811144 0.015904193454318576 0.014844534132215712
0 0.3278492715623644 0.27651906543307836 0.017512067159016927 0.016377576192220054
0 0.6747614754570855 0.676172849867079 0.015134557088216146 0.015522681342230903
0 0.25664388868543836 0.14749226040310331 0.010098563300238715 0.010363430447048612
0 0.47138122982449004 0.4406307220458984 0.016611692640516495 0.016778394911024307
0 0.4036308500501845 0.7566825018988715 0.014196650187174479 0.01337161593967014
0 0.2816359413994683 0.28624605602688263 0.01766861809624566 0.014405843946668837
0 0.47462446424696186 0.7443681928846572 0.011800299750434028 0.014440494113498265
0 0.540701993306478 0.5302707036336264 0.01228285895453559 0.011844846937391493
0 0.5046397103203668 0.4080234527587891 0.018381627400716145 0.017335764567057294
0 0.21247747209337023 0.2030157407124837 0.011834504869249132 0.012310685051812067
0 0.22261420355902778 0.23255880143907334 0.01195432874891493 0.013037236531575522
0 0.4620700624254015 0.4520069970024957 0.01461686028374566 0.014553070068359375
0 0.28761557473076715 0.5844193564520942 0.011890474955240886 0.011821873982747396
0 0.28297877841525604 0.4903534147474501 0.01450288560655382 0.01428269280327691
0 0.5277178446451822 0.6973313225640191 0.014319186740451389 0.013662804497612847
0 0.3738639407687717 0.44911318884955514 0.009753587510850694 0.009679285685221355
0 0.4529601414998372 0.7480214012993707 0.013512971666124132 0.012331220838758681
0 0.37060464223225914 0.6218702740139431 0.016529803805881076 0.01550305684407552
0 0.5578755060831706 0.7788754357231988 0.012104500664605035 0.010749562581380209
0 0.13419836892022027 0.287207900153266 0.009674072265625 0.009666188557942709
0 0.44143390655517584 0.53175597720676 0.012389161851671007 0.011683612399631078
0 0.22881957160101996 0.2866254488627116 0.010190751817491319 0.010280121697319879
0 0.44773835076226126 0.5553450478447808 0.011732906765407987 0.011898761325412326
0 0.305949158138699 0.8083326551649306 0.014005427890353733 0.015172492133246528
0 0.18247193230523004 0.39518070220947266 0.012456512451171875 0.014370430840386285
0 0.5046220991346572 0.7578242831759983 0.01397764417860243 0.011380683051215278
0 0.3132471084594727 0.3289795875549316 0.01223271687825521 0.011311107211642796
0 0.5259007347954645 0.4789766099717882 0.009667629665798611 0.009462738037109375
0 0.2467436790466309 0.46011700100368924 0.011870935228135851 0.011037105984157986
0 0.16759001943800186 0.2647864765591092 0.009943421681722006 0.010742971632215713
0 0.19710058636135527 0.20275713602701823 0.010045178731282552 0.010617319742838542
0 0.4458394580417209 0.41872196197509765 0.011216015285915799 0.011732440524631077
0 0.20981131659613714 0.24616175757514105 0.0075049506293402785 0.008268695407443577
0 0.44798274570041235 0.39155936770968963 0.012750752766927083 0.010946019490559896
0 0.24011385175916883 0.14528578652275934 0.01131002638075087 0.01150864495171441
0 0.2980846722920736 0.37064192030164933 0.009490479363335504 0.009121195475260416
0 0.3667972564697266 0.3863827599419488 0.013245052761501737 0.013406117757161459
0 0.2592427783542209 0.28130346934000655 0.01354921129014757 0.012501822577582465
0 0.1555035220252143 0.2911948627895779 0.009410084618462457 0.008962864345974392
0 0.24477044211493598 0.324536747402615 0.011292457580566406 0.010821575588650174
0 0.44202671051025394 0.4979741626315647 0.00774523417154948 0.007336383395724826
0 0.449338001675076 0.4087025112575955 0.007865609063042536 0.007925923665364584
0 0.23323512607150607 0.7184598286946615 0.012490505642361111 0.012904866536458334
0 0.515019522772895 0.5627816942003039 0.01012420654296875 0.010282050238715278
0 0.40177271101209855 0.6280272165934245 0.010489696926540799 0.010875701904296875
0 0.19973191155327694 0.21630175908406576 0.012696202596028647 0.012177679273817275
0 0.2990081893073188 0.38407175276014544 0.013138813442654081 0.012858878241644965
0 0.48078064388699004 0.5328941345214844 0.010079150729709201 0.010207451714409723
0 0.5641980277167427 0.7791074964735243 0.00835465325249566 0.008859422471788194
0 0.22701715893215604 0.5035320493910048 0.01115339067247179 0.011005783081054687
0 0.534811019897461 0.467122565375434 0.008744472927517361 0.008155568440755209
0 0.4774292627970378 0.42627889845106337 0.01049054463704427 0.009886254204644097
0 0.32203245162963867 0.25505590438842773 0.008979903327094184 0.009066115485297309
0 0.1304490884145101 0.3060790591769748 0.009564283159044054 0.01113455030653212
0 0.4366524802313911 0.7015650219387478 0.00883928934733073 0.008465533786349826
0 0.43119602203369145 0.3490161895751953 0.010725614759657118 0.009502877129448785
0 0.3161614206102159 0.34059637917412655 0.009853553771972657 0.009288385179307726
0 0.35002803802490234 0.3384984440273709 0.015240436130099826 0.014967579311794705
0 0.3072514745924208 0.25940942764282227 0.009479586283365886 0.008582454257541233
0 0.24814886516994902 0.2512771182590061 0.0119670655992296 0.010068427191840278
0 0.25963866975572375 0.2549703386094835 0.00789224836561415 0.00774794684516059
0 0.4019966337415907 0.7132404115464953 0.009720230102539062 0.009255430433485243
0 0.16397927602132162 0.4076677958170573 0.009690666198730468 0.010526699490017362
0 0.25017034742567273 0.5025746875339084 0.009350840250651042 0.00868483649359809
0 0.5540242089165581 0.4864349365234375 0.010288238525390625 0.010723029242621529
0 0.40841250949435765 0.7390711042616103 0.009375339084201389 0.008306969536675347
0 0.3624401304456923 0.20925878948635523 0.007424714830186632 0.0068652047051323785
