0 0.4550091692509542 0.4764267793144829 0.06970341912083622 0.06308245824213332
0 0.5599325419630464 0.7984998388197815 0.07938424718619881 0.08044281217493066
0 0.4479253426101123 0.7982141756647668 0.0798215740344162 0.06729722783568828
0 0.4501417531973781 0.4014815331828082 0.06335284029916291 0.06846938219215933
0 0.5135886664195328 0.32764351219145504 0.05787992245782009 0.060622343573920774
0 0.48289016416551006 0.2717305155633723 0.0770377186253036 0.07095360193768421
0 0.4556033196009173 0.6447285137626235 0.053888536674293025 0.06030531630602028
0 0.5537693042212439 0.4319106272619409 0.06923182617865198 0.0843499087096914
0 0.04141695444820491 0.5334802804806693 0.039343945769946 0.04338702282528606
0 0.5841083936936154 0.8528403018946126 0.03940863414078764 0.03480485342081311
0 0.5358408730035024 0.5589772302466193 0.03908507580727359 0.040148519444564844
0 0.5501775059908484 0.406615110442311 0.041349560580759885 0.04316692378749133
0 0.10909561909047535 0.5060258248973323 0.03227186236093641 0.03127840124122313
0 0.08631211333106079 0.4093956808442051 0.02272690211129966 0.02457278776764043
0 0.5835721441476731 0.9278641911055608 0.026415261686220506 0.033625461192137655
0 0.5399951180346222 0.987762366518399 0.04983420970951162 0.02301076182710645
0 0.07378351448477348 0.9221155851790048 0.045620994382563104 0.04071967644764216
0 0.671393771042516 0.9675505872242328 0.02848528955315319 0.032086291690143896
0 0.3992479206537886 0.24017726564870298 0.03961808511070871 0.03905587586549714
0 0.4907217244155534 0.5752430358971372 0.036159920411172795 0.038955455679503294
0 0.36981292237514096 0.7994772901812803 0.026676853029037995 0.02885388335970007
0 0.05356013650781656 0.7649648298668299 0.050663754147510405 0.040716374962075245
0 0.22988794182506722 0.8794981894314537 0.027907213347393302 0.031527917361953886
0 0.6134265738175528 0.9584345929996316 0.03673054194136016 0.03629627836230063
0 0.5196060508923924 0.8890101502903953 0.034077355135322694 0.0343449310852982
0 0.17631186088863798 0.43791505599319525 0.03509581841833471 0.03249618382129855
0 0.11373303087116694 0.8911237782810333 0.05012049466516308 0.04646053658113731
0 0.12337728443450187 0.40211962992209177 0.025634786803055604 0.026031705774315187
0 0.14487179842862213 0.34489727681618954 0.025885842063210228 0.02530552709317571
0 0.2736886293833492 0.7335338830617198 0.03396786458785132 0.03538532230625867
0 0.010642274273178131 0.8622870372502385 0.01936969320282681 0.03781377657441921
0 0.2889151430891091 0.5550411187329338 0.03526413101524549 0.032975534129572645
0 0.5135966505464955 0.6447545870332545 0.043188408792722066 0.05872796808631675
0 0.4085269586482369 0.5064405211132542 0.033247048287322174 0.03418654443156207
0 0.016194931919751774 0.9283983968663315 0.031001938787456357 0.06440842796463246
0 0.040015994302933615 0.601622328844216 0.029328229111321345 0.028660069226226596
0 0.5881932382365219 0.4650917211947924 0.06162606635745576 0.09589905547037535
0 0.41235819597528844 0.31190561619942464 0.030653753022532093 0.031137982287783895
0 0.08504783900391302 0.9720445016551449 0.02648479453728151 0.02652557415373613
0 0.2283653243393802 0.4252501764178442 0.031205102522120054 0.031234931681258668
0 0.1326960524612628 0.5816596212400312 0.030943828850136624 0.031041921755807906
0 0.37114214179773225 0.8670390486291605 0.0322128851540616 0.03079095715956294
0 0.038509088576443765 0.7053865235414555 0.0700280112044818 0.06857985912811726
0 0.4544754751310655 0.5353364646829605 0.06722689075630249 0.05318438054833579
0 0.3452317776520739 0.47375455036383474 0.03361344537815129 0.03079095715956286
0 0.3130188924980123 0.7417758365482114 0.030812324929971956 0.0321905461213611
0 0.023803206223502578 0.6508025540313211 0.032212885154061614 0.0321905461213611
0 0.07142225384255019 0.6906908394425729 0.046218487394957965 0.05598355847193243
0 0.49719256196579936 0.6983885787324637 0.04061624649859944 0.0321905461213611
0 0.48038583927672374 0.7109848793886485 0.04621848739495795 0.0321905461213611
0 0.4873886403971719 0.7347778917392198 0.05182072829131654 0.02939136819776446
