0 0.09564594689712683 0.1879223464618729 0.05214970712443344 0.0442639554811496
0 0.5822721080263814 0.8343675292888735 0.039058645593880115 0.041622796693623294
0 0.5297324652476578 0.5257842747986303 0.02986749653018737 0.03147817787645097
0 0.30791374381261927 0.5251680192429674 0.036603431251626475 0.03721546371853669
0 0.10597005045968241 0.6440140216144455 0.029568218837423013 0.030018542742444834
0 0.06394741156298116 0.6665249524611331 0.021890056538631485 0.02261894291455239
0 0.14944039211762936 0.706217533889819 0.049045803644523114 0.05094098232474338
0 0.5990060545519604 0.8010571498438983 0.03558023467318702 0.03848118975875286
0 0.07245278871365507 0.6428774694494677 0.023448496705372246 0.023621872776315587
0 0.17948379887217533 0.641269489833944 0.02754602160907139 0.027853005637556324
0 0.6076895444447757 0.8719715314166625 0.02812771926233952 0.0280298412411131
0 0.624108996844639 0.21704158653141414 0.02709046045497918 0.02746512390100528
0 0.6319530097913775 0.6345265415243382 0.0224694087222415 0.019604730483729686
0 0.5510478393639399 0.8267250029274893 0.03562809707885149 0.03833036686736279
0 0.6957276534240002 0.905182943930658 0.023517595406293373 0.02537561254853235
0 0.8425644524473022 0.48396038797748364 0.03700212932642262 0.041522262221356826
0 0.2924788698068019 0.49003723715510067 0.046040266938378295 0.04036245113295953
0 0.14919406485838826 0.7693719294196318 0.0326187589117258 0.031736271431043184
0 0.4802764320770624 0.7865409549393735 0.022937824956085182 0.024092685920140806
0 0.10361335643209738 0.4353587068275828 0.035291249515446085 0.029143473410517373
0 0.5788429996191339 0.7059388504685932 0.02987778906521079 0.028232816654778774
0 0.507353825671734 0.492085950068133 0.025630106452767174 0.02355133341840422
0 0.06877454960205587 0.3887887074664618 0.03347408763242214 0.02807991783033306
0 0.719200541954914 0.8834233525691833 0.021578490279103052 0.022572340335752093
0 0.09779056387589591 0.34228043533926084 0.03546398303146415 0.03442134255759358
0 0.3259328912315395 0.3707004248968939 0.019597516135984126 0.01851622134089685
0 0.6118335816530945 0.903258681086013 0.020238893549943616 0.01855638429062656
0 0.1664936878381712 0.7983961425944012 0.02577905171782833 0.023760367167313935
0 0.5000308140709034 0.8575598533865926 0.03242398433433813 0.031506308887654065
0 0.39309347180506155 0.3459604609317025 0.03100348743277238 0.030651977703292737
0 0.6919332447356437 0.3507905958029548 0.055615437684333795 0.051095702886360374
0 0.6933863346647836 0.17261064024147932 0.027984132045346114 0.024911948663954905
0 0.37691447504852316 0.9747791080130846 0.020267272144452637 0.02006368115295119
0 0.14345498121421757 0.41370320868075555 0.02332074537945654 0.02113520153751228
0 0.5126092872381376 0.6230704414077639 0.025121663693832407 0.022472992110945996
0 0.6761549156130725 0.1797407182914783 0.044030363571304645 0.04029870092345975
0 0.4563049274050138 0.7228673007667734 0.015512671593077723 0.016459268244613037
0 0.44392093232238894 0.2244343866193998 0.018567733182251907 0.020707072119270066
0 0.5895740262838307 0.7646066039073974 0.035245960243537475 0.03677748420977532
0 0.5420166057981111 0.23586323481887106 0.03313599056373612 0.03345222074845097
0 0.681735756825772 0.19975432815095712 0.03458800041204025 0.03192174969466838
0 0.4348236020450208 0.463621942256524 0.02876276443767349 0.028878770762931667
0 0.45464907877152366 0.2719248716437882 0.016218112625238548 0.016550164456263988
0 0.7061571045768996 0.7012439160333377 0.02260698137144344 0.018740845770714297
0 0.2536817414325447 0.4469314404891 0.047255188454198474 0.04262517579763703
0 0.2485437439515473 0.732633549010068 0.022127658438963825 0.019134849391480472
0 0.7391078295102141 0.5342983329325511 0.015870072459446563 0.014514203703430678
0 0.3217959169047645 0.3454925710405475 0.018109990688432512 0.016156372665401448
0 0.10746995977524831 0.736235504691524 0.03437217484738246 0.030991053830045648
0 0.5186537584441143 0.8022461087270362 0.02286586192314365 0.024350948938655925
0 0.3604941119922688 0.3496940265322886 0.018032648429367627 0.017189212909558292
0 0.6093323050399029 0.047571119401145 0.02175062551505031 0.01749173513856472
0 0.5103731810591603 0.6706583258218449 0.03131167049791811 0.027021573265778236
0 0.09823547511527639 0.47829281535668516 0.025143445324020863 0.023260109666883074
0 0.4531069774746812 0.24984065095498853 0.018174880250802394 0.017183408770198617
0 0.757253399332061 0.5524551848419266 0.01439311486164122 0.013388666693441967
0 0.22874926130942055 0.5608572908717749 0.029190772941425223 0.023975416885486957
0 0.6308480023841407 0.8501482216201734 0.020642970850863116 0.019465981896846972
0 0.719478249798046 0.3141025779529809 0.02568106085454979 0.022880489296573898
0 0.5593961229926591 0.7863440378609519 0.039349547365653194 0.034173416838375985
0 0.7091438669367518 0.2641706791487014 0.0258523489682729 0.025794527365966324
0 0.2969560060626843 0.1793333323165498 0.020832133243515787 0.01760035356952876
0 0.14917754068050346 0.5913818952540104 0.01852441346951444 0.018633236179666328
0 0.2817539106550355 0.1889605248196014 0.015776041892565925 0.014852220680665404
0 0.45825801004890265 0.7045878628921629 0.016246025302524288 0.018682889109079014
0 0.15976725147467036 0.7550000754114456 0.041306992688996354 0.03586331107763634
0 0.022533150698723352 0.5983590427050781 0.01756914815168096 0.018990677959064634
0 0.13263647329633554 0.6634475511700553 0.022890714371394647 0.022199053679561685
0 0.6780643291063063 0.4109114811977236 0.01859170674119535 0.016609540378253643
0 0.2958422309404276 0.737581810827084 0.019471951444309507 0.01822872579567972
0 0.0514956334661395 0.9923371803338473 0.017229587149901325 0.01393739087582514
0 0.3300702044072042 0.43713038859263775 0.0198709036557729 0.018242410007454718
0 0.3702097144249328 0.4448070619344883 0.01713088682176006 0.016447956527758784
0 0.4141181771081822 0.3670021501582539 0.02073234224551093 0.020873083214750954
0 0.3782079459725776 0.7182377158567902 0.015492044166919672 0.01508423797411981
0 0.6740671193574883 0.844494566224044 0.014383584736619534 0.014404094519519788
0 0.7098231742482976 0.5294703269518305 0.023154603533245142 0.019079011028881567
0 0.3357535579980536 0.5930444634357015 0.01926264872077767 0.01833252244846221
0 0.8026224701541897 0.5456753145801168 0.0186287259823907 0.01882896701062759
0 0.5972600085796538 0.7401370725886851 0.022308370787430604 0.0197959281547531
0 0.5868754337265788 0.2801987358499743 0.021827798349670368 0.021872983908892127
0 0.6239297246039535 0.15599968060287128 0.031847517660804125 0.027628942556983515
0 0.1985672706535175 0.26966666954755336 0.01328520606078678 0.01316607583069944
0 0.4695408097742995 0.304154865622735 0.019454204233713565 0.02179344178007616
0 0.3489173502660642 0.8816201293314767 0.014001892640473195 0.014779626572688755
0 0.49646642024445914 0.4461433273326158 0.026388069062825294 0.026124261793968814
0 0.0867880477746438 0.6228689699864141 0.044779039603980525 0.03885934850272693
0 0.3880072440809876 0.4052534197395984 0.05094317741314625 0.04361107453514775
0 0.03236740186427882 0.609284169985194 0.01155762735296669 0.01148240939060604
0 0.14267544875452703 0.508061081067982 0.019623692212710358 0.018172929799061543
0 0.640369952676364 0.16395030296760138 0.03678437655870489 0.03305085603853339
0 0.07676319543228308 0.6903013551521523 0.010040701469723174 0.010154574822643295
0 0.2358259085894127 0.14567968251272972 0.02337913327875607 0.020146019436495174
0 0.37396612968153625 0.22097878421836714 0.024008036817964953 0.02278135290167144
0 0.7325060365929692 0.9590385786315145 0.019534384352229355 0.019942429716108954
0 0.08263895165829258 0.6621032574185799 0.023824301302060744 0.023517949025590918
0 0.26087110891348775 0.5225571097656806 0.01435785339906098 0.015704094638144532
0 0.059492334899266995 0.3625916609176031 0.023807364152091646 0.025352565455016567
0 0.13323828480791333 0.9653672511985759 0.01638438153978357 0.01618736338030365
0 0.43416384207879727 0.5376020109266948 0.01625699553532703 0.01639970167571011
0 0.6877236402671755 0.9337249051468058 0.013330993017002081 0.01293458811200413
0 0.6119813197689864 0.18609807792323999 0.03950169051711051 0.038119172453435976
0 0.5449847738251432 0.8084499287488937 0.03279862413796843 0.028218115659466313
0 0.47099794471205975 0.6727604410535843 0.01692749277574167 0.01587779515912747
0 0.6697372658893022 0.38229434154877484 0.029875840684095246 0.02520657228542944
0 0.8077614100586614 0.16688167401885898 0.015504962780837959 0.018459090815885752
0 0.46873621308580193 0.09205745523907038 0.03359513080922536 0.04268581740330092
0 0.28078528992588697 0.16570567912582373 0.019837908245142262 0.015678738598679097
0 0.6427187684672645 0.31070121459877464 0.052476807487747225 0.054392157480789995
0 0.7017039948250997 0.7377637727143087 0.013151318393259889 0.013723273209228124
0 0.221218609462423 0.7127460044219917 0.020826351634335962 0.019761738808305968
0 0.00687219993593294 0.6706717770207259 0.01174491813495538 0.011681402402083322
0 0.4501055387222957 0.7482599444395582 0.014011189806883241 0.014667865115529487
0 0.3343718804724095 0.3249845342987354 0.01478158393558076 0.014958389828368633
0 0.3509722781793514 0.4176081870393653 0.015114418257449254 0.013363628398831987
0 0.4891336455599952 0.2939738756111081 0.009799467532854787 0.00908051247923855
0 0.06822909554369659 0.8166830368816198 0.014874486771000499 0.016081533160446238
0 0.8907334316446912 0.3758101011004818 0.017942556980829284 0.017044172974537537
0 0.25991491970297864 0.5077428278207566 0.051279929675301435 0.04798036285954101
0 0.3895857928115241 0.5814099389912931 0.019383342459663427 0.019282749030200337
0 0.7821980991932685 0.8424764627320872 0.024230575826249132 0.02583723227453969
0 0.1320890999766872 0.747853358122516 0.020006527923859298 0.024166402726606733
0 0.01696145443515923 0.23621461826302528 0.017219961723629423 0.01631729984319503
0 0.18357312786835586 0.7327464119827263 0.0209475007014172 0.020422266813829137
0 0.6690932623964478 0.22451640715808832 0.01789257676960444 0.017478106532139426
0 0.6142697569233605 0.42122880493533177 0.02518621440731263 0.026511952883606586
0 0.5896215074844943 0.6872127692421625 0.01797356165423317 0.01670355048948807
0 0.006748131337387541 0.3639758846059142 0.011716452180966994 0.017139496431174517
0 0.7336065330743624 0.23744364477243624 0.020975000406618666 0.021237917857786216
0 0.0868623748080421 0.6801721999179455 0.012734751334048078 0.012182210660263643
0 0.030413895659277955 0.29454277659181277 0.01295420893524191 0.013409150645123736
0 0.4062113288704675 0.38281470170706094 0.01419412585118841 0.015140711826429627
0 0.3125346049428565 0.5542276080116443 0.01482290232206367 0.013664384496016835
0 0.00367037827856089 0.6007486746650249 0.005798146593992615 0.02467970894910168
0 0.44912243220311415 0.31619906910077866 0.013160043752168633 0.013454376329550391
0 0.3907964363601123 0.7845324261590613 0.01917109598640267 0.019401500874179647
0 0.6553942583072193 0.390975364012743 0.02670362209132113 0.024230756651331876
0 0.5319046772328786 0.3383535325856246 0.02608988203992453 0.024594638059800767
0 0.37138651544066614 0.3671079803781113 0.014494007118537473 0.012607226178922383
0 0.5723924815530664 0.20285551794021345 0.01379699495250694 0.012431788652729614
0 0.2786403235092004 0.8485945763749329 0.013093565835628469 0.012403742373487979
0 0.26080539340694936 0.45665475081092727 0.02445334779314495 0.022254468382353315
0 0.6821898778720831 0.7375988843173172 0.01388454503437283 0.01430114518635185
0 0.6597012182972979 0.7025310157108308 0.01428697044695524 0.013504029258963074
0 0.11582416796502265 0.6956020807458311 0.016522197736624954 0.01725854483701892
0 0.4935365209639031 0.2663036579974008 0.01400847901576596 0.01284447567099664
0 0.28550741392899354 0.6056759441385904 0.021101539288851057 0.020460946954233387
0 0.7037127545771708 0.5611727691472627 0.018298305958861033 0.01552531019947429
0 0.3959378117409785 0.716709193638121 0.014149906071087785 0.01351186696539767
0 0.7963477511276891 0.2079911644899873 0.02505448690145732 0.023865477165498975
0 0.4828986353877516 0.2576593668387234 0.014006488278539208 0.013054441471482357
0 0.3850510416553717 0.5516956051734624 0.012345916938649375 0.011626835018906243
0 0.13091442206102802 0.6434099886442225 0.010623600977646816 0.010288747883607433
0 0.7189453675629446 0.19518901243373749 0.025444629041789554 0.0241271294624723
0 0.2848365778396892 0.4100612595134928 0.011721947886396165 0.010595901243882141
0 0.0692087632760995 0.744855371862312 0.022425750160614374 0.022569035789255343
0 0.13474228678272468 0.24502459218083292 0.021178267384303433 0.022174799155595167
0 0.5448673203287647 0.6676191598283737 0.035148202338870574 0.032604901133900056
0 0.5052531955144539 0.24907465284044414 0.014216871082906835 0.015700472346792328
0 0.5057177996982889 0.4739697483172656 0.02218210721992106 0.01877567060687234
0 0.5073424530558748 0.8184486391284403 0.031465465537712525 0.03107544686365492
0 0.38417050045947904 0.3947640477542556 0.022918679993819396 0.02142820466022399
0 0.6867475225063432 0.14281499021938968 0.020198146970962005 0.019508326694584154
0 0.13883776800405806 0.366357361114571 0.015936391540569698 0.016833868246206
0 0.4209763092104549 0.5681344741983552 0.013918853484450901 0.014157227949820377
0 0.34436462952973196 0.3707476629654051 0.013220189430083275 0.012250038595408443
0 0.7853185586181471 0.7983346695563656 0.01635843842166898 0.017354376685424628
0 0.6075784020089673 0.28075944960490334 0.016808980376583103 0.016997718676669785
0 0.3115612191511971 0.15766243413572806 0.01860064388066013 0.016726343387119487
0 0.14220497295477585 0.3255153694457564 0.017583790129874002 0.016432747140677596
0 0.41850929869123005 0.22678499951109657 0.015800947285955932 0.01629707008739763
0 0.4247513611559897 0.38424275300243466 0.015143919288905273 0.014118886737261948
0 0.532343232408321 0.4311668684134669 0.025959594641850277 0.029911441543165596
0 0.3143098025087016 0.8692859518983433 0.02079568580982174 0.020823896311126272
0 0.17438849105676124 0.8309480438864111 0.014703468677486337 0.01357524647256608
0 0.05316027761084763 0.7658318704360189 0.01710466574166567 0.017947415683648816
0 0.4467640439310808 0.5911435442464371 0.013818427144777932 0.015297508321102275
0 0.466799225764172 0.8072136894312639 0.02195524788829372 0.02557651202914237
0 0.19706933619163666 0.5284317884832658 0.02579497761564235 0.022058313891584778
0 0.3977420761881397 0.3044652070230595 0.017057610749371097 0.01670378350238207
0 0.3829868165756744 0.41165737665441277 0.01899557226155881 0.016289931419645038
0 0.4861556932712743 0.30772216593195584 0.05457398562196391 0.05579896223682888
0 0.3476129091092069 0.2984264660451069 0.021880679954512924 0.021367218830966685
0 0.39713896752065625 0.3697910179375868 0.012412839594357216 0.012363113397970263
0 0.6874579403815709 0.1285795917393794 0.017840902313931296 0.016492663228921525
0 0.014944786002948662 0.3336068692879008 0.023133208402571454 0.02021734256505
0 0.36560031062277715 0.4747585181464511 0.014127330263814191 0.014201415667719208
0 0.05660943237135263 0.29451046194001285 0.0548005113992155 0.041901225918964724
0 0.09960478995096178 0.6288678657594925 0.018795926731382286 0.020207386559579026
0 0.3082139427508024 0.7652600567941391 0.017815022729983518 0.017802439297599153
0 0.17092375057096038 0.7462037962969083 0.011181049757248655 0.009805690971351954
0 0.8155375261591342 0.8002759211592824 0.01432161774592297 0.016025016942155693
0 0.5487663274337482 0.6887982313389294 0.012400090404883761 0.011126153858668105
0 0.49571267206746616 0.6382915850486048 0.022058554443528798 0.018282700055126614
0 0.047776529972624396 0.6423736320236653 0.01777632777513852 0.01910214285435881
0 0.471677336735828 0.29441614467541816 0.01023785328385236 0.008681234293871794
0 0.7589907623015701 0.169571876724825 0.01725977646816447 0.0182817150460747
0 0.22441460042261233 0.6845981739245524 0.01306033746638619 0.014419134442678066
0 0.5819524888112096 0.3860964553061781 0.03509538426819483 0.0288714414482658
0 0.6042799622047947 0.1293433073867121 0.015090677657117453 0.015679458820351464
0 0.631717552169175 0.8209420041921986 0.019819949253990284 0.01963451376818115
0 0.8004134718863852 0.4264886049916276 0.019509140109949686 0.01914582218048891
0 0.46379645279428344 0.2292661843553957 0.011336443740241151 0.009917304147578675
0 0.33320252354322083 0.42725235770919345 0.013060083329718945 0.010873652613531931
0 0.6749454156794868 0.6655699597065631 0.01267163543383501 0.011871583289569276
0 0.8277894548870142 0.4038499830790273 0.02024859309941013 0.01926855642665661
0 0.40239548798983993 0.49078169216844514 0.029195347401435635 0.03281935772834289
0 0.2718240498338285 0.5633007488102362 0.01878446940330066 0.01672320830454565
0 0.2662450617009943 0.18504183047473116 0.013279043246606089 0.013405147059944982
0 0.14458794894936514 0.7358365442510127 0.01206048969424987 0.008645625687070294
0 0.35893047261287736 0.566443541992567 0.03530729189256593 0.029868524804688594
0 0.22688114502461398 0.9812447921618191 0.015490731127472242 0.013705818425168376
0 0.5818472338748589 0.5700656003318781 0.014974791336853747 0.015184433518540454
0 0.7264220047791248 0.9885385617698541 0.013137256164339 0.013485938985192411
0 0.16908022200870979 0.31129430655447476 0.01656817529534069 0.017213869910341722
0 0.2856146490135431 0.3837308872232845 0.013259961818507113 0.011601584894392626
0 0.3494234528498547 0.4643863516467911 0.012302840773551352 0.013878417430652398
0 0.04300843502894447 0.6356276333634472 0.012555394381139942 0.013888627632007737
0 0.38785482561480744 0.5440878189162748 0.007704576628643303 0.0066174814576812156
0 0.6942606071562174 0.6166795120320232 0.016932660221308987 0.015724557406835937
0 0.6469006508609472 0.34700507891850163 0.03629901788037821 0.036625835181761074
0 0.15999309955414265 0.7234793197243635 0.013728981626935505 0.012762412766327383
0 0.04715523464989116 0.5705004023920849 0.011685317791972533 0.011466818709698302
0 0.6868641500585531 0.4370840825757025 0.027771970284307772 0.02287860401043152
0 0.6190225361619535 0.40220230653956196 0.019252292651587437 0.016995324998758676
0 0.5463790946499826 0.34718679720133716 0.05520958142674358 0.05030756854688584
0 0.43112110611798443 0.7885923580921819 0.015067127659286085 0.01360888506126375
0 0.4879847995776587 0.25998197581715926 0.026964916941360165 0.02885572366941588
0 0.3564690742783874 0.4941348324450882 0.019626890099106523 0.016469393714006922
0 0.6736498693059831 0.10901818047094364 0.017273372779862073 0.016855570219833686
0 0.807299559022055 0.09751672227625297 0.016271269544803953 0.01642901893437357
0 0.49078439028208487 0.32308863547818734 0.012708569962807946 0.0117764928458263
0 0.46385113453385235 0.7735595524186654 0.0177843992615805 0.01901766508878808
0 0.31155505633701636 0.6751457728664874 0.01830482879998699 0.01702548957703669
0 0.3829804208028821 0.579662935410012 0.03584339319211919 0.03728803664352298
0 0.12341925934070849 0.336207610929813 0.016244945221688498 0.014009624872965608
0 0.46995897048219554 0.5698480298378519 0.017277820171538862 0.018108152214529126
0 0.27558315470349365 0.7118962063975682 0.01210338584587526 0.011708347165826041
0 0.20540928625547578 0.8428724575539476 0.015626778956670716 0.014001278774762281
0 0.009483063866246665 0.8910788005546894 0.017215734054279525 0.01690444997009809
0 0.3189270845475418 0.7411472893991335 0.013768510467719899 0.014871899678713349
0 0.505591769089391 0.5946502400202271 0.018645583714651283 0.018627601504229565
0 0.35186817346555666 0.5671199996068437 0.01784075406754207 0.01562923395019896
0 0.5299324072706127 0.3259976425873684 0.04565061189332495 0.05500544741780195
0 0.2967390157049683 0.15046385029489265 0.011019916521187542 0.011394817725451837
0 0.7858222151365154 0.5518593073229937 0.013520663682989244 0.012216569470633681
