0 0.5123454086653149 0.6595587958733627 0.033499702490674875 0.03373185633620315
0 0.5114156920243104 0.5742319015725299 0.04613165024830847 0.042862309092535564
0 0.20396217912704392 0.2722564210170346 0.034132100409058376 0.037989831483670196
0 0.19653281662548522 0.20277901410560156 0.038491931414951636 0.03433661689202377
0 0.2440231609145938 0.5658094100369752 0.0364752828371682 0.03487737736380985
0 0.39197078072139574 0.3227805058878383 0.03377400066685461 0.030790520905621094
0 0.26848761659790293 0.3764591680310982 0.04619518441511971 0.05350686575620229
0 0.4938003148245034 0.4411357003396621 0.025992462984147292 0.028716045647011624
0 0.26547550410549314 0.5042967945233887 0.04435544672482217 0.04393112320274549
0 0.49379737107477445 0.27299250669565406 0.030974854701596114 0.02759293100223369
0 0.2760548958920671 0.5943351073202203 0.025046481596439105 0.022916350407702984
0 0.520035033586702 0.4315520371934095 0.02731952230438931 0.03350508171679823
0 0.4577446328030122 0.5977186405518086 0.033863753266503295 0.03318211636884108
0 0.23733056708394779 0.30886401375658723 0.02562667560775937 0.025732756488278538
0 0.4748621774497419 0.663869398489005 0.03094905982987075 0.030606610670758153
0 0.593644279146426 0.6452368181004944 0.032596839624175915 0.038766515494882026
0 0.18726284813334923 0.25499057703593964 0.035985921506332404 0.03484851167402195
0 0.48109437094059027 0.46823319190910173 0.024824874422601492 0.027343877068333623
0 0.3087447177693713 0.5058739455022553 0.025377049866357998 0.025284395873091604
0 0.33710725931224517 0.31016047078648185 0.021322214628242107 0.019131260063812022
0 0.5316137119269387 0.445708211968956 0.02399575354571478 0.026215256129098714
0 0.1793073539019127 0.2960344959182263 0.04026596418773855 0.03941945612720116
0 0.5534216240823971 0.6813403201715389 0.02285870374034958 0.020639031732520817
0 0.4125192974442661 0.6745969731306384 0.02711511171170194 0.026026051380334835
0 0.2830243927997322 0.44065281949384105 0.03652865153728964 0.03094003797818355
0 0.26537782032402085 0.5502786523844118 0.02393215584473673 0.022189943100494446
0 0.22330752815495425 0.336637159422981 0.034678748380302306 0.033105451807555517
0 0.4588652060811177 0.4775290029235882 0.02131922852240198 0.022944347797211138
0 0.39556706869957925 0.2909008081715443 0.034629932962135665 0.03050277466413298
0 0.17835798402530795 0.48201102072128726 0.0263242384032356 0.024402456925529146
0 0.20930619673295453 0.48741913371248263 0.024400042627190317 0.023109748411476404
0 0.4072205055760973 0.4349089707871595 0.05728020227923317 0.05438147709652585
0 0.11550326747748688 0.2811311805190352 0.02576396235321066 0.02735431784974627
0 0.7255190572004033 0.4566465294419023 0.020916887822041985 0.023266296598499304
0 0.26493412947009454 0.15060108722207613 0.025982932859125608 0.024364008165580542
0 0.27127386512729873 0.456025610029656 0.04115607786476405 0.03770994230081107
0 0.4196166356845832 0.4852520256386624 0.022345008823625084 0.021099950934680776
0 0.316878975968159 0.4558871267240631 0.024342078289002863 0.024296058374175918
0 0.21573738982328353 0.2379824911695979 0.015850906319125172 0.016508972040900415
0 0.6165856831939083 0.6123418549875846 0.018865708424596634 0.019151612175247225
0 0.309441189894984 0.5782987659462286 0.017368885810634976 0.01814633223184854
0 0.7775538363115891 0.7689160698408223 0.015471162604094379 0.015029473076422623
0 0.34775489738300225 0.34003009571125736 0.03389412259823907 0.031467159782160824
0 0.36270516453146684 0.7141218747966906 0.01717269230352186 0.015075641237638791
0 0.15877354004414523 0.271977304833205 0.024017408107569613 0.02441755687917462
0 0.1506760045937744 0.436760949393596 0.019045923088756724 0.017254905515375608
0 0.5521785781087353 0.4310102601749545 0.015250826113592991 0.014183240330608084
0 0.4428943260769973 0.7213671629334555 0.01975882938551787 0.021107109117474845
0 0.3163389037831801 0.660803853762307 0.01732398833275503 0.016608381833904406
0 0.14392314860590788 0.4207279329743342 0.015804579322491977 0.015582347396014051
0 0.5913802814682186 0.5980793663729073 0.016342724304411 0.015312284830955066
0 0.6382334680709468 0.8101403410446304 0.02136988643140614 0.02132494659741499
0 0.5450179598382742 0.5410032146594161 0.018775913468836745 0.018361713057338653
0 0.6137747834077897 0.5048445013974128 0.016706775080239416 0.016653533448451597
0 0.31618035426990265 0.3654695573074796 0.01804147967855439 0.01903487873275937
0 0.3050648611837754 0.33989961771068267 0.03489794125580109 0.030474840808791637
0 0.2371254787934811 0.2543955054405578 0.027480602595311415 0.027166447318485425
0 0.39511207935298837 0.3754826267091538 0.027094611353877515 0.024012484209641742
0 0.432692920226839 0.7723838493776023 0.01530749859038862 0.014830229929302568
0 0.148362354964204 0.5323663588450402 0.014972366449487119 0.014930995117865197
0 0.6870155731561198 0.8117901962883848 0.024841435662083623 0.02350459208015267
0 0.39913561342492193 0.23948932041483237 0.02283036750195177 0.025687011888174443
0 0.26420803983372004 0.3351834235631452 0.046184553031206624 0.036546483460108
0 0.07783362436923279 0.3111928798191089 0.016083965526530512 0.016263285417841344
0 0.5566709731536802 0.32023083741759195 0.017756740720962005 0.01838611017739417
0 0.44754972861592424 0.33308661604490153 0.018742452140982822 0.01777071823766048
0 0.49366608830808684 0.7536571960660998 0.01926292403550052 0.019905678023074254
0 0.24659211200446737 0.21317247315300247 0.027505169139811762 0.029187786835585094
0 0.7536281821299228 0.8341622283109603 0.015952243315189105 0.013933042781705412
0 0.3702201552063454 0.3453258908845583 0.02278267452073213 0.022020793970387316
0 0.1564766740236408 0.45406346317796886 0.0131203031308282 0.012215714252797535
0 0.2271292883021231 0.4553136249783137 0.01801532477988376 0.018614579041247397
0 0.5206132580388511 0.5163343589724475 0.012410128803239938 0.012357268376452983
0 0.5615241787319462 0.7579795948587135 0.011448306229940145 0.010725160343294586
0 0.6866549532252992 0.5457927590025372 0.020639624718077725 0.017257997511493754
0 0.6585951731653366 0.5188855099065861 0.01532825308488029 0.014586555221525849
0 0.20631311272350472 0.3146799631535717 0.011765744105384715 0.011404340586506766
0 0.402274963675399 0.48967614263234077 0.01414965193442054 0.014814346387599757
0 0.2581211913384802 0.41870604282778884 0.015158786283939104 0.015934962021816445
0 0.6487053600472761 0.4006319065874935 0.016488895244188062 0.014510568358019603
0 0.1933554147036021 0.32133286930801636 0.012435330689408396 0.012855778627309593
0 0.5668103061228639 0.5833532901210638 0.017125888800637576 0.015366161804411
0 0.4284929941297818 0.7482568765993667 0.013340353717578938 0.01325830993017002
0 0.1749630040546658 0.4311338341294023 0.024988220765473194 0.03180808412126995
0 0.5974929671912951 0.5068279957291485 0.013069994659741499 0.013396856769929735
0 0.381701626271361 0.3561676893690905 0.013733037224583623 0.011841201517500868
0 0.39985009748682554 0.35729051811011775 0.020871270290271512 0.019103813303749564
0 0.6892249949850364 0.6110749413452572 0.022981409394517694 0.013899539097740284
0 0.5081354653479572 0.7445012872869318 0.015264295356956973 0.015373319987205066
0 0.5713271194659199 0.49664143569596847 0.014335214057620576 0.014921337924509889
0 0.38516065927117665 0.193953853609825 0.015212832681839868 0.01664067836870012
0 0.7728222351285999 0.7113370451970202 0.01497254646295975 0.014720019327940665
0 0.36080010312865957 0.20274886714344964 0.01560867171912951 0.01672132440443919
0 0.27740917960278777 0.4163904765841863 0.019861564133251648 0.01825184130486641
0 0.7166088562223498 0.7912206285782443 0.018155777644647812 0.01651108984646079
0 0.1630378527247517 0.22622940095243643 0.027672687559637404 0.026901107459826074
0 0.8161946388684073 0.8105499246400069 0.014648268075555169 0.01553503561979528
0 0.21772280076905143 0.17730080196213838 0.027895014787365544 0.023421817649825424
0 0.39133713329773157 0.3489995952450013 0.037188580927958015 0.03225388219172883
0 0.30699098416288056 0.5414490550859863 0.012558565794966602 0.01306270940861381
0 0.7853196598770384 0.7241836537262534 0.01430721666811242 0.015068864259845592
0 0.37980422073565445 0.2940206110766991 0.01368521717503036 0.014243491898800746
0 0.5235113690579458 0.3856089139960856 0.015617714748872311 0.014956324072367279
0 0.46997267268417114 0.7533136456480959 0.015719242347436675 0.015301822871486815
0 0.20796128431183855 0.3400748131756647 0.024914711734472586 0.022527076567650503
0 0.7114099400644084 0.8388795554844726 0.012239052470072866 0.011367024852532963
0 0.12331441737644214 0.22280013370977186 0.01794700437250607 0.01585711148941707
0 0.30338926401343463 0.6977121219462938 0.014093148882069743 0.014235761908505378
0 0.5949839817658634 0.53401464691268 0.011439242022141742 0.010370682048599063
0 0.736544098811047 0.7566371602701032 0.016439169169630466 0.017670376610209922
0 0.30847030311388574 0.1871180431781586 0.0165456100770949 0.01581664022515831
0 0.14087058073278105 0.49926692160527625 0.011010958203667157 0.011836881194157703
0 0.3056924834506202 0.3792528077018997 0.014201792307316967 0.01449273643520125
0 0.25605723098447797 0.31202668104628406 0.011764473422048491 0.012724432326455152
0 0.22985731835666418 0.27163970544882565 0.009465743732650937 0.008837877918166637
0 0.3544041926789664 0.33097766291176917 0.01898854114709837 0.014127584400481437
0 0.6915138557005226 0.4215877620318464 0.015051879459251388 0.014901091703352706
0 0.5722012761306152 0.6321385656898825 0.0431127872268413 0.05362810118460752
0 0.6826120726871602 0.7504358477147519 0.022082159311308934 0.021030627915532445
0 0.5003831343702089 0.8268199695241077 0.017392126463117594 0.0156083186207466
0 0.2982108130354821 0.3210212558198017 0.057394017328287944 0.03139501802573018
0 0.725142922508959 0.6212361156908462 0.014716414699561102 0.012932606857190028
0 0.4253876161333052 0.6539090090596552 0.019587547965115693 0.018400423846017776
0 0.44319447791977407 0.6812128637989074 0.02908454091789912 0.02908454091789912
0 0.49661506327918054 0.6966454773471805 0.013651927369626102 0.008903430893234428
