0 0.08125 0.43203125 0.0125 0.0125
0 0.4890625 0.6515625 0.0140625 0.0125
0 0.3875 0.96328125 0.015625 0.0140625
0 0.08203125 0.97265625 0.0125 0.0125
0 0.33046875 0.66640625 0.01875 0.0171875
0 0.52734375 0.74375 0.015625 0.0140625
0 0.046875 0.25234375 0.0140625 0.0125
0 0.4484375 0.425 0.015625 0.0125
0 0.4765625 0.9359375 0.015625 0.0125
0 0.50625 0.378125 0.0140625 0.0125
0 0.42109375 0.96484375 0.0140625 0.0140625
0 0.134375 0.5796875 0.0125 0.0140625
0 0.3109375 0.1140625 0.021875 0.015625
0 0.2546875 0.315625 0.0125 0.0125
0 0.55390625 0.63046875 0.0125 0.0125
0 0.1234375 0.29609375 0.0140625 0.015625
0 0.66015625 0.484375 0.0171875 0.0125
0 0.48125 0.571875 0.0171875 0.015625
0 0.57421875 0.76875 0.015625 0.0125
0 0.209375 0.4640625 0.0140625 0.0140625
0 0.0375 0.17265625 0.0140625 0.0125
0 0.0640625 0.96640625 0.0125 0.0140625
0 0.4828125 0.4078125 0.0171875 0.0125
0 0.37421875 0.2140625 0.015625 0.009375
0 0.2875 0.215625 0.0171875 0.015625
0 0.00703125 0.3203125 0.0125 0.009375
0 0.52578125 0.4546875 0.015625 0.0125
0 0.628125 0.8609375 0.0125 0.0125
0 0.4703125 0.459375 0.0140625 0.0140625
0 0.14921875 0.31015625 0.0140625 0.0140625
0 0.509375 0.34453125 0.0125 0.0109375
0 0.63671875 0.83984375 0.015625 0.0125
0 0.6515625 0.98203125 0.0125 0.0109375
0 0.503125 0.996875 0.015625 0.00625
0 0.34140625 0.63828125 0.0140625 0.0125
0 0.059375 0.8890625 0.0109375 0.0109375
0 0.6625 0.434375 0.0171875 0.0109375
0 0.17890625 0.97890625 0.0125 0.0140625
0 0.3 0.8890625 0.0109375 0.0140625
0 0.74609375 0.734375 0.0140625 0.009375
0 0.63359375 0.9765625 0.0140625 0.0125
0 0.57109375 0.390625 0.015625 0.0140625
0 0.20625 0.69921875 0.0171875 0.0125
0 0.45703125 0.64453125 0.009375 0.0109375
0 0.1859375 0.53515625 0.0125 0.0125
0 0.6328125 0.71875 0.0125 0.009375
0 0.021875 0.54296875 0.015625 0.0140625
0 0.30625 0.55390625 0.0140625 0.0140625
0 0.52734375 0.46796875 0.0140625 0.0109375
0 0.659375 0.41875 0.015625 0.0125
0 0.2796875 0.38046875 0.0125 0.0125
0 0.34453125 0.740625 0.01875 0.0140625
0 0.50546875 0.54765625 0.015625 0.0140625
0 0.5671875 0.99140625 0.0140625 0.0171875
0 0.68671875 0.79140625 0.0109375 0.0109375
0 0.26484375 0.96015625 0.0140625 0.0171875
0 0.5984375 0.9953125 0.0109375 0.009375
0 0.69296875 0.66875 0.0140625 0.0171875
0 0.67421875 0.62734375 0.0078125 0.0078125
0 0.68671875 0.63203125 0.0109375 0.0109375
0 0.04921875 0.5375 0.0171875 0.0171875
0 0.6515625 0.99296875 0.0109375 0.0140625
0 0.39453125 0.89453125 0.0171875 0.0109375
0 0.503125 0.45546875 0.009375 0.0078125
0 0.50234375 0.46328125 0.0125 0.0078125
0 0.49375 0.4640625 0.00625 0.0078125
0 0.12734375 0.9015625 0.0203125 0.0125
0 0.2578125 0.88984375 0.015625 0.0125
0 0.1078125 0.40078125 0.0171875 0.01875
0 0.59453125 0.6390625 0.0140625 0.015625
0 0.39609375 0.5328125 0.0171875 0.0171875
0 0.38359375 0.36875 0.021875 0.0140625
0 0.5140625 0.6578125 0.0125 0.0109375
0 0.5171875 0.6046875 0.0125 0.0125