0 0.6061070231386784 0.171044749444333 0.032320207084481065 0.03163552326065861
0 0.645940872780544 0.6212017780823619 0.0161246144122316 0.01650959725601667
0 0.6481572903952937 0.171534555101065 0.02168972831057086 0.020752690459151648
0 0.44062004995659676 0.5977571944150216 0.028826323537269292 0.030270948287621547
0 0.3586208593608017 0.5643792616642733 0.020173984869096363 0.021085468522814274
0 0.2833523868980417 0.4241739041705732 0.021275986452211064 0.022849231055377776
0 0.5621010754211528 0.2180677792363343 0.032699050173834926 0.0331074113133388
0 0.3746202329031111 0.6078809398804934 0.02106333841893038 0.02082213378056171
0 0.5002472832585524 0.26910399035571647 0.021890619726163223 0.0229682309661254
0 0.6136084536570294 0.6612552082824292 0.02517758111629625 0.024089900004368614
0 0.6669855895266941 0.5198062637696377 0.013941425688222271 0.014086081001414555
0 0.24824903250338798 0.42336315297142446 0.01934327946804612 0.02034461606642066
0 0.6576792398801417 0.4903095172181054 0.02888740965914974 0.029798555963723078
0 0.43820305750384136 0.6684654390191862 0.017945017866168672 0.01834889226204974
0 0.580209876297011 0.6433205807699133 0.023715509923723104 0.023294295781811046
0 0.7068491258932817 0.3575919276024012 0.02552275676102188 0.024057581956318658
0 0.3589687169312266 0.47276601230380577 0.011034285699962364 0.01148549018082683
0 0.67671150030435 0.2553203344286817 0.02467061282183411 0.025649532569551874
0 0.3317043614764396 0.4065445945013518 0.02092914092921981 0.01865729685001707
0 0.3858702365135698 0.6235392028352693 0.015699655694814803 0.014303063971202984
0 0.284814694235016 0.534028701295288 0.020420334081919747 0.020816938603735305
0 0.41238124072615684 0.5537982045400431 0.023064021255726496 0.023071780286051637
0 0.5893683320785832 0.5184965394507529 0.023766314704895573 0.024881321097533503
0 0.6856367128873654 0.31267501912233175 0.019125739872169145 0.01840843438606663
0 0.6347836233173854 0.41721413830620346 0.017909258856844083 0.019006655624135387
0 0.26728708689915437 0.5066295579897874 0.02225084114273674 0.0229445659236337
0 0.690054738489418 0.295467370582639 0.022977120116084857 0.021474482688876972
0 0.4020829665223634 0.6462181063075532 0.013462760986989675 0.014945106863151585
0 0.4836259728333108 0.2740231987144018 0.018398550056130683 0.01865232095013464
0 0.6798685485389085 0.39210945834004907 0.024118169862683714 0.024322670914122997
0 0.6480701193763363 0.20201767681640992 0.017456266425513393 0.01788940585968605
0 0.40424114080730283 0.6133597936025658 0.01873124378250716 0.019990568139192803
0 0.5809055914378609 0.46193982042367243 0.021714557207611326 0.021442181508284246
0 0.5581630976518256 0.540074419652441 0.020911059015070774 0.021004943282005042
0 0.5750703283445485 0.3217372460604149 0.015441752273789843 0.01639145758558771
0 0.23751539236106778 0.5080766002779697 0.02103852638934714 0.019387252929041025
0 0.5904977095447799 0.3746382810823457 0.01907594713843038 0.018452390979604303
0 0.38891983904558225 0.23034894110954762 0.01400393648471138 0.014055719578403113
0 0.322226419187501 0.3299715338604334 0.018128569535730058 0.01748723507698506
0 0.3650553220047018 0.20781527487773066 0.023721818352726583 0.021085687799758245
0 0.26212748354004733 0.3694482825653127 0.023711360529244867 0.023292845180489387
0 0.4197776207208883 0.3904664836686994 0.023167519973281054 0.023345269237555807
0 0.5054512311627134 0.5719397620178389 0.020769136229949515 0.02202957383881225
0 0.33805919285476366 0.5051634386074794 0.016590189966654817 0.017428367651257323
0 0.2839339262209113 0.5477342861965402 0.01834661515532389 0.017263775003620856
0 0.5282642140525068 0.2803134108640832 0.020548543624314172 0.02024626192332082
0 0.6005320923802321 0.33945116289509486 0.014750186527418137 0.01619245532520494
0 0.5908397815773754 0.2727459526844108 0.019478067318759687 0.01982513211869491
0 0.41072785343173135 0.23120547086750995 0.02063860504198335 0.022888735199997384
0 0.36211247360948906 0.45408314438863034 0.02336736560652524 0.021283053916789838
0 0.47130621821795854 0.6835621168529937 0.014858610542483436 0.013877464290411501
0 0.4085186098882696 0.20866537785459377 0.016366325074317123 0.015472434178488625
0 0.27472163794959414 0.49010537038326796 0.014631608303101232 0.01675991032128877
0 0.546145506665266 0.28274138012739364 0.019272419280228863 0.019784498414231265
0 0.660801507417895 0.538772859182855 0.01578119298305775 0.016322132336378248
0 0.33093075241810804 0.39010088153327 0.017689779503385825 0.019555792561668974
0 0.6064746662364325 0.449003880728303 0.018968332761312053 0.019556973283674978
0 0.45644642695346904 0.33211736116668134 0.014504124061367637 0.015530711243213362
0 0.33239125493715904 0.5928910667858572 0.0160508361543138 0.016021587983479444
0 0.321143882650028 0.435071563466984 0.0218992221293498 0.021924084761304724
0 0.44042117873177106 0.6884717276285159 0.016660358588725704 0.01653624783843782
0 0.3400937624131321 0.5850706726513137 0.014738446777187044 0.01445837951736373
0 0.4793728772280393 0.5304622124039629 0.022706296222822803 0.020673092928489997
0 0.46390415389014095 0.6410456330785805 0.018833899127200286 0.0175124013231701
0 0.5357067940125874 0.485894156674295 0.023848054402625267 0.02120262988072398
0 0.514035535567682 0.24425773670176124 0.015245954830280505 0.015047374256328456
0 0.3511647179651094 0.4217063807200618 0.023378295718809367 0.02212288461220075
0 0.4819937427322158 0.3278423378670126 0.016424855150900287 0.01737142311565364
0 0.3707172382400759 0.3341181789431354 0.019454992637270994 0.0183126272290083
0 0.6020133587391313 0.38256215706698654 0.020842239789578176 0.02196180039566783
0 0.6284059365345166 0.21228656790971112 0.018067880424621634 0.018419887389524832
0 0.6697251681948451 0.2812889571203552 0.025136896809460924 0.023813999006480766
0 0.3771115226008576 0.5227084953278439 0.02410575541416348 0.024028941013944538
0 0.4106273793909865 0.3046903190869247 0.019318062619489394 0.019009826706094357
0 0.5339162459579451 0.23021084723721727 0.01601251329149047 0.015129704315061145
0 0.6814049040131164 0.3520356522516497 0.01581668211306668 0.015021212830166933
0 0.3194494284992167 0.31537581950631444 0.0150236754789223 0.01591714468832009
0 0.4037763242884548 0.4681276133730619 0.018646737821791978 0.01873886787317448
0 0.5322104062735044 0.46801065442463885 0.023166609130590706 0.021944696794038043
0 0.5957203803264645 0.46870029728088664 0.017261481029437774 0.01745545678756642
0 0.4720397501979149 0.561895511719908 0.025173735336048136 0.022122041239339318
0 0.256703929776499 0.39083031472111995 0.02011074877194642 0.020468423202478426
0 0.5645633699599235 0.5986948552039809 0.023307553603192702 0.02323148137109182
0 0.5636489513686477 0.47057054407093407 0.018034786473539167 0.01834292118219083
0 0.31829027997101167 0.5508993127383679 0.017092941396809818 0.01814800084645738
0 0.4617371241901566 0.5362503646892357 0.02216684120573842 0.022758416665659118
0 0.46192035537803067 0.6535901296940462 0.01760287836374419 0.015727486999241952
0 0.4922799567040907 0.6384920349938317 0.022840358772875543 0.02420149510139289
0 0.6244953515157284 0.5350215029603048 0.021425516460542405 0.02174596441297094
0 0.5550590975702508 0.24811360368929972 0.02586385048109819 0.02653556323031186
0 0.5199535504061575 0.6074527763462032 0.026256828499609603 0.02645141148619848
0 0.4850879259536834 0.5800930185533313 0.021487689907886947 0.02077139646921814
0 0.47518993337738147 0.5945477209650192 0.01688483070952362 0.01795500340084799
0 0.42240207899345444 0.3574048337668218 0.020231536633160276 0.01988349352070579
0 0.5659614291523141 0.37707191781128496 0.01721391480005318 0.016074619269006094
0 0.5574809439465874 0.5562026774354341 0.015573183500514922 0.016912021050576088
0 0.5276394603042175 0.3471905426325695 0.01364094880515238 0.013286496058951035
0 0.33774587983674287 0.22076854588540254 0.017097394405518163 0.015758523120542538
0 0.3447058818455139 0.5503338312347797 0.016619741751719284 0.016309414273627906
0 0.5147996651150509 0.5526633114153326 0.020238789639768565 0.020329840173888426
0 0.40253159028227187 0.5898175124645801 0.016336402205193626 0.01674911514866248
0 0.4887573738039316 0.6023702741340881 0.026070847916207295 0.025022670389108995
0 0.4378671083582197 0.44175129580644507 0.018527451164271475 0.019186192838876365
0 0.6266119475185995 0.33297920389377555 0.01918686753716551 0.018895937634886992
0 0.39144339618900703 0.49319619698074707 0.018356044063914667 0.01852768730867268
0 0.5291606688018342 0.24572893318869501 0.018369774174098734 0.018694860677265116
0 0.31502998603075694 0.4690890415676336 0.015143704304560867 0.01486329969559298
0 0.4583378255348812 0.5508254501431639 0.02395917721084714 0.02221855682960124
0 0.5778096708682986 0.48099689287746406 0.02056527614188492 0.020979237277188683
0 0.4322155150066696 0.20663645046066842 0.01312497328853017 0.012553942391513882
0 0.6361740752865659 0.556082395597937 0.012885118046739788 0.012228839020890269
0 0.24601598357581095 0.4997829052935923 0.016081146974953556 0.016902609009442543
0 0.5911678536204713 0.4351414284748248 0.020359830512840838 0.020688847133541487
0 0.5046429426123199 0.3133213294809592 0.01498953574549166 0.016100257803993535
0 0.500215083282703 0.3413281904029483 0.02366079189247359 0.024432241916279848
0 0.44899919157519347 0.5097675459976777 0.021105810676231938 0.022802069644966675
0 0.5232088515790724 0.4551517652738896 0.025560978419101838 0.028066133166690262
0 0.5877402513719663 0.39481960329533644 0.0192259325681069 0.020122168040490173
0 0.49109940337266256 0.3089571785372947 0.019606529873012535 0.0222900073784215
0 0.48543957870198484 0.394841412917533 0.01706369322597546 0.018708438980334124
0 0.42110903658976895 0.34313884446660725 0.019559166053114693 0.01991345012474375
0 0.40644296807154967 0.39749965670692805 0.01572515929014441 0.016720912760176298
0 0.4306267692103098 0.2929387279008598 0.014968923712758335 0.013572230784403151
0 0.3781291700303722 0.4645576160506333 0.019616785287007513 0.01935075175159838
0 0.5870096880644821 0.315987011818992 0.019257643387696623 0.018957368914113478
0 0.35620322984877223 0.4416917536824282 0.021672725913684455 0.0235071630920357
0 0.5832305342724191 0.2901576384204691 0.011831846547558452 0.012783474749480375
0 0.4486310424537224 0.40182479322202286 0.02391937001178769 0.023054271865448377
0 0.5850659160283752 0.29945585795263724 0.01674850792020225 0.015102817588238792
0 0.6114362287802189 0.4851159765350545 0.0144502156680651 0.015093945305736557
0 0.4213612050753362 0.4560130007725236 0.017848198661676636 0.018892766552928025
0 0.44299419125979006 0.6396361883525605 0.01970186474126846 0.01992782119830249
0 0.600944805323701 0.2970705127537434 0.012493320750234373 0.013271450287103142
0 0.4701835877346533 0.4976876803590301 0.021436041753853042 0.02132218641756014
0 0.3259353031527496 0.478800733078846 0.021123622711065323 0.02063173392336552
0 0.33346419389146886 0.2904954851550288 0.019727671950828186 0.019049279688551995
0 0.6028151027161199 0.5125740547361117 0.02302610321187665 0.021970841352742344
0 0.32331057500086774 0.3637144266248588 0.017986916629924462 0.01755865189089086
0 0.41916190792967356 0.5330843429674315 0.014788340715669179 0.017374661667441532
0 0.579124539761638 0.5548752928888311 0.02469277666063246 0.025119287184114283
0 0.363782486814776 0.38388341872661547 0.02305875860907118 0.023280295792311324
0 0.4234486709795734 0.4998066884082847 0.01669557783941897 0.01827568749767772
0 0.3034637681996342 0.559429860557149 0.01679954884577593 0.016817900639240622
0 0.33049101780815904 0.55865873101503 0.020107898171674795 0.020499762938009126
0 0.4939445891905218 0.4197238641347008 0.027359319238983926 0.025618327773679006
0 0.3433447455169965 0.28387859252747294 0.014522846938891358 0.014395598841558967
0 0.533035899630271 0.44451094674869823 0.016618324885312084 0.018127186404237314
0 0.5317821246670137 0.5626001160107175 0.026108799694971603 0.02875591096259575
0 0.43261643759753565 0.30495761768162594 0.013250163556080677 0.011386714351296276
0 0.24908850054846846 0.46590854756752736 0.017513716984833932 0.021423188751444864
0 0.5735542306864726 0.3481540455243804 0.014840157544275371 0.01455000354502937
0 0.4751645984566241 0.3061127180200962 0.0196282888928374 0.020270500459358288
0 0.5855469421736198 0.22216954001535102 0.024006844644975097 0.026741599220358937
0 0.3295624642877258 0.5151514865379246 0.01022458028316169 0.011032126665437103
0 0.39534365832397117 0.44305334543229064 0.024995547517885443 0.022159689403873507
0 0.26458961783797424 0.4755246005962537 0.017677112043007166 0.017519755534521758
0 0.44118769848713446 0.4586076341749942 0.017824810424093698 0.02244980325677447
0 0.45643495708255377 0.5742419169176816 0.023429505318955327 0.023669191886173422
0 0.5484804012995892 0.3790269067064489 0.017560304901699263 0.016769592241737973
0 0.4222198598530142 0.43372096929923465 0.019191253076044947 0.01783740348905034
0 0.5304185931595699 0.6544729049355612 0.014532191510195988 0.015404576398058057
0 0.4930389585444622 0.5711907625796041 0.016591100809345154 0.01784742275864412
0 0.5983120313947211 0.5470886168012874 0.024456058765886593 0.02250216625544256
0 0.6045068074714031 0.4955276337863384 0.021555868170004863 0.0209802493246224
0 0.5016840195303683 0.6164979502850283 0.01936704571528118 0.018560747524840687
0 0.37870483947812633 0.5431886920154678 0.016278209477755035 0.015465130569508647
0 0.5332398103207074 0.5902123121684724 0.0244584202098986 0.02374931230800917
0 0.2644572335999158 0.4632136507935746 0.019597522650852475 0.01907722906517975
0 0.4921635037793846 0.36117668394990476 0.019527455233524966 0.019210515712199977
0 0.4237014129586863 0.47682977070168664 0.022400489223268687 0.024296560090333163
0 0.5185735562604586 0.3820821092342612 0.02651759938836342 0.02349221852493118
0 0.38261114016277825 0.4025403950949452 0.01842206329150732 0.01963709370551072
0 0.5237999547501908 0.3980740104930184 0.02043205696469361 0.016058257835494374
0 0.5402047038920746 0.2999465322834166 0.015220147620720782 0.016171202329096933
0 0.6494598629123132 0.2650690837434252 0.016049385552992144 0.015008933321304523
0 0.38948734464403767 0.3656096372516046 0.02812331384669515 0.028361617282420502
0 0.39825140554069133 0.4171688491835447 0.016012277147089266 0.018644443847608896
0 0.4084447304256084 0.37441031739790137 0.025390077342461886 0.023169172984089454
0 0.3701789808124547 0.39734948573522194 0.02442417927172458 0.021042591446539225
0 0.35945468524143914 0.29884835961309275 0.024715986281778977 0.027569892575025498
0 0.5525836632822994 0.5251290260425167 0.015334711390217285 0.015215863286584724
0 0.5697547010060774 0.23786936438473816 0.021429058626560412 0.02170086083234172
0 0.4257299102324523 0.3160034575897899 0.0193348288719746 0.01982776344202257
0 0.4055982120786279 0.35604045888651653 0.019768153848176772 0.0211176516312064
0 0.327777499361426 0.2653416871534249 0.015473901647267509 0.015364145103081156
0 0.6221826207202037 0.4385097922135431 0.013566900667918918 0.013236467180811074
0 0.3710730572503128 0.3463322252040361 0.018958785780520675 0.018478974092196544
0 0.43767581452579046 0.5569573443392979 0.013361050219901352 0.014563092691838746
0 0.39228729194161 0.3892293737531838 0.014701911864829945 0.015251419886422563
0 0.5463268993003021 0.6043162389396346 0.018319003127840704 0.018900862932397743
0 0.38298865072301114 0.3129585104759725 0.017530955526121536 0.017466319430021627
0 0.5099564109162659 0.6285870255553226 0.012693976021425543 0.011701427368267089
0 0.24900393555165296 0.37872661536540847 0.013759982450814452 0.014610389041907678
0 0.43988314058109396 0.4209229210667087 0.021293039451469157 0.022415163911057544
0 0.48383970038385415 0.47667327443351987 0.01805205874974123 0.017469153162836027
0 0.38362231048871714 0.44942929486706495 0.015696079793882343 0.015075121223469466
0 0.49813210412208875 0.4725079908105803 0.02536403398850096 0.02620575383912147
0 0.43009827804042405 0.5298286875779147 0.020958490304797538 0.02117577688881608
0 0.5031815292505787 0.4344980530537552 0.019610240713602824 0.02355034378254086
0 0.546566349723119 0.49803886081852905 0.0183015284421519 0.018561051139070806
0 0.47700816092933607 0.44681961248703095 0.024473128632601912 0.027196379602155863
0 0.4215392916887555 0.41213839994443696 0.020595300215751792 0.02160832596198574
0 0.44591797942833455 0.31729935059374703 0.012315976304933104 0.01368787407116228
0 0.492018156900446 0.44712573996827254 0.01656387673337823 0.01722842081326976
0 0.429781557796043 0.4671911490151885 0.014964706848451196 0.012886973467034933
0 0.5453352783572912 0.5760298167815391 0.022878715370613333 0.02524835696682737
0 0.5636456284795737 0.3545163323187995 0.01713193895792229 0.01558529433480504
0 0.457185677001426 0.42449929428796973 0.023812497802787422 0.028845173546249377
0 0.5358519890844111 0.62592085406103 0.012592197784508298 0.012237205279675643
0 0.49070384463319516 0.6497422916161488 0.013716312604049666 0.011353350520898147
0 0.5542164668769402 0.39150410216757264 0.013094645600433188 0.012058511437796087
0 0.2662376780476784 0.43774853013390286 0.010400980150858165 0.009742946909456873
0 0.41130926321690886 0.4202834082933445 0.01496794540023908 0.01700023785188155
0 0.4642119343821908 0.5135417407573153 0.01322665032070404 0.01216835231926859
0 0.5828442695018848 0.42477376155199315 0.020215377609135294 0.019610578062747394
0 0.4049882004879565 0.5117801878616487 0.01172841529983281 0.011961051269929359
0 0.5392530756901528 0.6124686858371802 0.015063954966784148 0.016227303491839186
0 0.5556932296247593 0.28795053164210965 0.014660316715304272 0.014391685591481932
0 0.4694928147587712 0.2947319747486588 0.009220865373317923 0.008633304368217628
0 0.4355877245256359 0.5410331153189418 0.012985310742677544 0.011536126287427022
0 0.6601520765796801 0.41485073766916397 0.014914812909969061 0.014921627362689404
0 0.5061024668188514 0.4565731858945418 0.013673502997603533 0.012147841491278634
0 0.5936012154724515 0.1797696352687102 0.025730460945310236 0.02573046094531036
0 0.6614295694643947 0.4672360628299274 0.022013838808765455 0.01886900469322757
0 0.6590709438777411 0.45151189225223776 0.023586255866534456 0.02044142175099651
0 0.6460985031511471 0.4467946410789309 0.018082796164343128 0.02044142175099651
0 0.6339122709534377 0.3634565370171757 0.022013838808765455 0.022013838808765514
0 0.45190499651668004 0.28876672677314985 0.024372464395419024 0.017296587635458625
0 0.44640153681448863 0.27775980736876715 0.027517298510956904 0.03144834115537926
0 0.5486086455694713 0.4051255890480533 0.01651037910657412 0.017296587635458625
0 0.5545052095361049 0.4165256127168782 0.01886900469322763 0.018082796164343065
0 0.3477323664394861 0.5285603280829172 0.022013838808765514 0.022013838808765514
0 0.5308301205590087 0.5102458146953301 0.027445741151571473 0.02672348480547748
0 0.5990833452648904 0.5868049873812925 0.029612510189853457 0.031057022882041367
0 0.3277590246531406 0.30383345072679796 0.018745810498990084 0.018252499696385094
0 0.3403384501195682 0.3053133831346129 0.01726587809117512 0.01726587809117512
0 0.5628216220944247 0.3662372672563308 0.023185607722435168 0.01677256728857013
0 0.45084006990308884 0.4535532793174164 0.016279256485965104 0.017759188893780108
0 0.5137371972352267 0.5090507446104793 0.019732432104200136 0.03206520216932518
0 0.5011577717687992 0.5011577717687992 0.020225742906805164 0.02515885093285512
0 0.460013184277529 0.3788339586008497 0.012535027494193064 0.013728839636497221
