0 0.9775189423822264 0.5909818866646029 0.04247071019844322 0.04420030682658285
0 0.5945322084709141 0.6580099838566306 0.04892526756241064 0.04843741164297307
0 0.3100967299689698 0.3511473565847302 0.05831320839340061 0.06098136051911142
0 0.7247400532594656 0.5619507988788586 0.06719431498969365 0.06289272241370326
0 0.2612597874325221 0.31895321070262644 0.058416035547435914 0.05849924169142561
0 0.4961133480695113 0.4967765106609777 0.06192297649733993 0.06106564824143373
0 0.6610980530472991 0.5928830486693525 0.07310970274755449 0.07238631609492076
0 0.38106201044093874 0.41259876902898557 0.041404988847081894 0.041073360037095594
0 0.7409265816365022 0.6325703495406276 0.043011360300223095 0.045505892726414116
0 0.36937729928243795 0.5633103584956156 0.07073091632450672 0.06962391034372298
0 0.27791141857246493 0.5162931008726479 0.045504784195063486 0.0456364580379062
0 0.11079702898056643 0.1532553700708569 0.03957735058604274 0.0370491422131498
0 0.46578125554394584 0.5610406561547472 0.03861068785427564 0.04282965672004664
0 0.06913997943617767 0.0771983434132324 0.06348051682898448 0.05716919369993351
0 0.784832867923596 0.6437524198794188 0.04033455682766921 0.03654255888682394
0 0.09413755163415058 0.020088343364583032 0.04227543197794645 0.035039066557636424
0 0.6719598777924859 0.6718099138964966 0.08422950386381085 0.09295692292992962
0 0.13811902565108375 0.31045903818824333 0.050028918203492624 0.05084001501969614
0 0.4207618888677601 0.4671263382927377 0.039901915614781146 0.04068956187564396
0 0.7436330959654085 0.6686251957375228 0.04307778071974721 0.04414855120761301
0 0.4130707979641264 0.33166662562334615 0.03715118830144992 0.04232006551846248
0 0.5422613066917297 0.4793704574580712 0.04658369541696861 0.04272580940665911
0 0.8967171561259842 0.5365873696706572 0.04328787651483767 0.03383338748656657
0 0.21090199730378692 0.9086803593489132 0.04211172364530099 0.046086967175757276
0 0.3674301951148536 0.28783017928227095 0.05005414551328908 0.05007293961373704
0 0.3047126298601367 0.2899967316663061 0.053620861476001896 0.05497182739827306
0 0.2005642427912207 0.27809315775228505 0.03438584109334503 0.035917122478363796
0 0.6459557115391035 0.08294190642463747 0.04182703105685442 0.04848164337285403
0 0.3001298143868393 0.8768029981839586 0.03914506267325852 0.03916314079902646
0 0.26631409871822403 0.8482078506654007 0.052022380391846736 0.05270234350644578
0 0.3299101615049825 0.11260344444442975 0.03598237061502179 0.03373996691394878
0 0.3212195341361089 0.49202927692228676 0.027494520681944596 0.027612967022198516
0 0.13981741075151022 0.07339513300473985 0.049601820437472126 0.045865942956531625
0 0.9781938128758408 0.4446556616981848 0.04113967729290376 0.04642845343832382
0 0.33350591537146906 0.5966866329617807 0.029587773325822332 0.030441646851713508
0 0.42833068746401787 0.1360713535144627 0.04455154686724274 0.03658382895182067
0 0.23377303094095497 0.4206185878524921 0.04780624836681113 0.033541673997827495
0 0.41989881036167936 0.27507740152472093 0.030987750223056273 0.03259135345392488
0 0.30394087101899453 0.4648574761404889 0.027582475583989192 0.027962014982341833
0 0.4548008229067518 0.3419556090670046 0.031700205118194866 0.03880666557148552
0 0.024628119947267588 0.319210980571132 0.04038509977228809 0.04896753705442124
0 0.20938380787418567 0.7496413580051263 0.049803083729966294 0.05156506419090083
0 0.7800469637739342 0.07344999312065928 0.0507040831138604 0.04237708491913436
0 0.7668294348791515 0.5253154831684265 0.04724995211757497 0.0410567579099715
0 0.4865592720706387 0.3375168421781284 0.042354255754687924 0.04322145347715725
0 0.3436908507653049 0.5133187155327148 0.027922013807605114 0.030971906693340823
0 0.9205164941979299 0.12700864636588458 0.06323573874036592 0.06908641647808056
0 0.6819243539215184 0.4655120502902781 0.0548268597924068 0.04866379206464892
0 0.21149269825361244 0.01894302108091763 0.04672437615355944 0.03429561305471852
0 0.832520407455513 0.09851678323433907 0.03926341820804883 0.039039994353045795
0 0.7070080892852949 0.10634229163578152 0.0587113439628125 0.05783360225751567
0 0.5872491118919713 0.5238621921092624 0.0375154911799644 0.04536302705353051
0 0.49481764517435706 0.2989661904809334 0.047071182265026025 0.04821548422098131
0 0.6925015870211454 0.5046695114142359 0.03452731254921592 0.03513373060941129
0 0.5607581822145535 0.17374826786043523 0.03614135566175504 0.039462617630611006
0 0.9830168976554792 0.1230628559486391 0.03139512206661172 0.04774612125050553
0 0.640501094411923 0.5029796232397811 0.0487435030708862 0.0448311204422087
0 0.9598127524918224 0.3391085627142643 0.05822641433455439 0.059447646605275455
0 0.31030348623688814 0.23021275755658865 0.043528793538035564 0.046650700131991046
0 0.19065716110524966 0.8714752613241858 0.03242261971149918 0.03584500068725388
0 0.40651925130974437 0.1727644069868366 0.03770465814985526 0.0362806552903097
0 0.05663411051129969 0.6074938111384884 0.05609562776059603 0.05611928979988805
0 0.30210278516917005 0.649461165474426 0.030665776061746114 0.03396412083578258
0 0.5985026623332571 0.08420079044004605 0.04461816917254049 0.04648045691293646
0 0.8194739094586231 0.567914945010464 0.039867527738006246 0.033617022113236826
0 0.8709748693686282 0.38823022396907236 0.04591811166894099 0.04263049840964713
0 0.23105050034067398 0.8383954222068021 0.038444468567320665 0.040665532481122244
0 0.9094072920847889 0.1723262990330114 0.04325880496343501 0.035701798938922405
0 0.9821451548849468 0.19797378761162707 0.03350455922000875 0.0613134534729104
0 0.49435978506357975 0.16580681763042554 0.04349507861383943 0.04716403017293261
0 0.13350920795556334 0.851966652904402 0.030601534326195754 0.036277529788644645
0 0.8926371792314473 0.4866750237096782 0.03281565766512693 0.03020659568348297
0 0.27747261984348104 0.1473455715401129 0.03274284419610455 0.03555675717751392
0 0.7003432005928345 0.17730596255143963 0.03667342561815565 0.038899254357369864
0 0.5255666822939109 0.24701265667985578 0.02890640883982268 0.029854707885805274
0 0.16030659182544346 0.1731673446450436 0.03200970442107617 0.033577062742486743
0 0.7379804625419264 0.3566141950723705 0.04838905894765063 0.046745002902659455
0 0.19049310367845396 0.15849917628847068 0.028672103575711153 0.033199019873079647
0 0.2412290090373827 0.7161023390033368 0.028004315907988082 0.029834089657079305
0 0.2907188333419339 0.18563755016603617 0.042360783394701944 0.03570652079896478
0 0.16507017497925808 0.8358765703326656 0.04598002330618738 0.04179992154781563
0 0.5979806193702801 0.39220740803409065 0.04305954370486267 0.047201863866475006
0 0.42342784097998143 0.20934893329521154 0.0346208866052932 0.0301467574499922
0 0.41563229101230875 0.23738469163269918 0.04599755372086421 0.04631354924270183
0 0.3523826726250059 0.6557464485002302 0.031079507307170892 0.03774281874129712
0 0.48999558664740134 0.24835790788442025 0.04131854808833953 0.04293891484814465
0 0.22756379843957633 0.2693814351986185 0.025019973106938567 0.02384137711240613
0 0.21494796485737455 0.16650278367256138 0.029342095163129665 0.030271021346836978
0 0.7518617582127743 0.18732793405177645 0.04247320012298465 0.04442712414634092
0 0.8022590422459758 0.5453653410969823 0.047054122917154335 0.04817839829531039
0 0.36130728560551606 0.36061646716957135 0.04311502864498185 0.041624254911221265
0 0.4647591919911319 0.039705599462920765 0.05597330180559101 0.0548783354096226
0 0.9252793833693976 0.04826685158646016 0.029553923811110445 0.028396615148680013
0 0.10028885343338158 0.1005752831609454 0.04833378430521232 0.045111121701589985
0 0.37343520333239155 0.03437862507432033 0.035787651786356116 0.03894265009957428
0 0.6868308511732947 0.016871699875975595 0.039321763196627765 0.03015297064483444
0 0.5575613378129444 0.4311838589218331 0.05030172476701676 0.05700773885384036
0 0.7490406400597044 0.01454936286879408 0.037300819307338334 0.02550829663047141
0 0.7698299958373492 0.15667840773179154 0.04530942606144797 0.04152770043505221
0 0.8986212754476002 0.043750722229958974 0.03870453109138443 0.04252310550028472
0 0.09803921502210605 0.7476849283929767 0.05896805013588967 0.057324994076616495
0 0.8856452019380782 0.2709182242028024 0.03317178416980941 0.03551428564279111
0 0.5157349628848542 0.015519480357046967 0.04407755271838955 0.027448531606977185
0 0.4716515891266584 0.10234751822201102 0.03555958815741262 0.03372910327509683
0 0.3119287844813071 0.5729476748421087 0.02343567449838087 0.02662423305460595
0 0.9743981584458321 0.07573398917041928 0.048870421927241295 0.061646521045508156
0 0.3292160109199863 0.6428388659895117 0.02308200427061088 0.02544178519886914
0 0.8738753286307347 0.21710850369378462 0.03966860295572329 0.03802152611020416
0 0.6915099913963351 0.22203291640858536 0.05443849885920148 0.04728672291705867
0 0.9648735241222807 0.25729265850717026 0.05922716211443594 0.06466646141239805
0 0.3664129263491634 0.1480568836273865 0.03044558597797418 0.032980856496103876
0 0.3553033541121042 0.23016142203192866 0.04149957233202733 0.04135979714130332
0 0.5565022618682983 0.3110168394128224 0.037520841152965584 0.03693089406682163
0 0.039876439920246365 0.8911026388072418 0.04046184580794263 0.03842209443650381
0 0.2722505162441713 0.8915276062110558 0.03139961402507497 0.028556599664688796
0 0.45608414347445675 0.26191415801893203 0.026815780711002133 0.025320613196144634
0 0.13030323663460477 0.9823291764712501 0.057565011304422355 0.025590733837358957
0 0.8460921449401287 0.46031550048157605 0.04201343892117235 0.03849808109526407
0 0.94667506942051 0.020997797921703185 0.052271524260320036 0.037743150615801885
0 0.03155865456721875 0.8225463393387233 0.05424616901219042 0.0689534734327949
0 0.19368384944731798 0.6421295451492667 0.0307019136152258 0.02968762797690362
0 0.15606690646015112 0.12069572953638033 0.03549896354197313 0.032951920400043466
0 0.8186548252273792 0.08413986416229284 0.02789994096302162 0.025198722832150338
0 0.6104289634675346 0.3436642502514497 0.06811881724240111 0.056778031285230735
0 0.27274379889631334 0.20949242070767374 0.034854535740640444 0.036178404335299494
0 0.3090249183967707 0.9188286616100992 0.04769657392028689 0.04676859539909896
0 0.7046126809335518 0.6724871395314713 0.04464293382743904 0.05205176865448599
0 0.011448722753723176 0.764817651434142 0.014026305385199262 0.04038961453843241
0 0.1896436356382788 0.1265761508720386 0.03422197714041574 0.03954817403774896
0 0.6091244785412274 0.0443874959336054 0.04409218943697769 0.05092932286902079
0 0.8188651902035012 0.1279800010318799 0.031083814203674984 0.026000006517758082
0 0.17182616462706887 0.2992517537889767 0.03401967077142448 0.03973562852067688
0 0.8799472115107874 0.010238026862740756 0.04123813025517709 0.016885624618364764
0 0.05569759605506126 0.7639259088408006 0.0444890884560261 0.04735161908603968
0 0.07011019199279775 0.6785852285328198 0.07397404303972037 0.06074362074729803
0 0.10117154430117964 0.6496369665411996 0.03332345085724859 0.03480262907818348
0 0.3610063412122923 0.566793108361748 0.03099663319709597 0.030123618655407313
0 0.2656649518369327 0.2421049889242445 0.022838849680088584 0.02363591738735932
0 0.07982808988506346 0.9504748364744735 0.04118195133271106 0.038893339429487604
0 0.1002967480083212 0.4354197202590663 0.044188505774813445 0.03986278266637323
0 0.2210657010437628 0.2959300932868878 0.026403496313621704 0.02424522217432238
0 0.015557038837989168 0.4662160779422194 0.02224293755373125 0.036294972104388375
0 0.4339793841149141 0.3711844436462675 0.02739616866255808 0.026669334379708233
0 0.4586393612398423 0.18261860962360366 0.022305753471005354 0.022117091615863373
0 0.6829205592714933 0.04633477274097954 0.028762935350029967 0.025575568432774448
0 0.22920047799448365 0.05805671257873517 0.02823199258919878 0.022942270265813677
0 0.6528821768989298 0.0155448582543032 0.05001935386496693 0.02749928740148965
0 0.7415888679168937 0.17893112259463725 0.017571532079392986 0.018974819785953875
0 0.6018577347099483 0.13131746968284727 0.03393504698464477 0.034545086060605176
0 0.25856609285024124 0.8661789811263324 0.024297676280335537 0.02223569264141178
0 0.06352436471345815 0.018026832149452124 0.04166111459855989 0.0324632351917875
0 0.49681461512802794 0.03097509449266217 0.03086961339785406 0.03182211246179866
0 0.26026691319781203 0.2943478668821538 0.02808996594745041 0.027091142674312393
0 0.10365445751793043 0.2114545131911194 0.029071189690640546 0.028858109752732872
0 0.829100058981132 0.2864008087707209 0.04469726227208715 0.037947412562288306
0 0.04669655588421741 0.1422873468559923 0.036584136981185726 0.028980439847138828
0 0.03155829230579573 0.11708696438021943 0.04667631270013353 0.04410066933260258
0 0.02335839953415065 0.15677756677956176 0.030276527156843366 0.037800573713659344
0 0.012004701850334386 0.21851850384520538 0.015138263578421683 0.04032061196123666
0 0.11671102493441772 0.498872758888179 0.03784565894605421 0.03906059283744799
0 0.018936765047286648 0.9722178430262406 0.0228966236623628 0.05336180989244913
0 0.028186948331584694 0.5507210064313649 0.0475027565409223 0.06457950492680074
0 0.22017725601781232 0.6989902779469789 0.03826610943574297 0.04217437056444138
0 0.37620144581965637 0.6379952776558672 0.03965502674757682 0.05049992718788749
0 0.3930548321873765 0.620171773942495 0.047586032097092196 0.0544607057908591
0 0.29473019336675976 0.9638980430548757 0.08876777737445075 0.05990677636994496
0 0.33551538837664263 0.9489213489623893 0.038386065891654365 0.037142201349365966
0 0.2665404262275761 0.9213642318322146 0.032388243096083374 0.02755711713017473
0 0.25574434519554834 0.9818700759658591 0.03478737221431179 0.026358981602775892
0 0.2298089805039402 0.15252106461241063 0.03940094588161132 0.038566927691299005
0 0.023213535201493482 0.23996442220289116 0.03659430559763857 0.03659430559763857
0 0.5650907527049877 0.5643870160588792 0.050669038519807204 0.043631672058722946
0 0.5615720694744455 0.5869065887343492 0.052076511812024134 0.04363167205872287
0 0.5284964471073491 0.547497336552277 0.039409252182072314 0.04081672547428917
0 0.22729716257293936 0.1041432495039634 0.0703736646108434 0.04926156522759039
0 0.23151958244958998 0.08795730664346942 0.05348398510424099 0.053483985104240975
0 0.182961753868108 0.06051157744524049 0.043631672058722905 0.040816725474289176
0 0.05769663086080675 0.4194172669605419 0.03800177888985544 0.02392704596768679
