0 0.29296875 0.71171875 0.0921875 0.08125
0 0.15625 0.9046875 0.05625 0.0515625
0 0.20390625 0.8265625 0.0953125 0.1109375
0 0.271875 0.83828125 0.0453125 0.053125
0 0.13515625 0.846875 0.0421875 0.05
0 0.4859375 0.790625 0.0828125 0.065625
0 0.4703125 0.7546875 0.0875 0.0890625
0 0.7171875 0.621875 0.0875 0.0890625
0 0.6484375 0.51484375 0.053125 0.0515625
0 0.725 0.52109375 0.0765625 0.075
0 0.2859375 0.63203125 0.08125 0.075
0 0.4625 0.63515625 0.0625 0.0625
0 0.95703125 0.3875 0.046875 0.0453125
0 0.6765625 0.40546875 0.0953125 0.1015625
0 0.5171875 0.390625 0.053125 0.0515625
0 0.95234375 0.24375 0.084375 0.184375
0 0.06875 0.79296875 0.0421875 0.0390625
0 0.046875 0.72890625 0.0609375 0.0578125
0 0.37109375 0.57109375 0.0984375 0.096875
0 0.4359375 0.56640625 0.065625 0.0703125
0 0.4640625 0.515625 0.0859375 0.0765625
0 0.45625 0.44609375 0.0515625 0.0546875
0 0.0734375 0.67890625 0.075 0.075
0 0.1109375 0.62890625 0.0671875 0.05625
0 0.11171875 0.584375 0.0640625 0.0625
0 0.0296875 0.5265625 0.046875 0.0546875
0 0.0546875 0.55 0.0671875 0.059375
0 0.35078125 0.47265625 0.0515625 0.065625
0 0.2765625 0.47890625 0.0765625 0.0765625
0 0.1515625 0.50625 0.075 0.1015625
0 0.2015625 0.49921875 0.0828125 0.0984375
0 0.05546875 0.45625 0.059375 0.05
0 0.07109375 0.41015625 0.059375 0.05625
0 0.078125 0.35546875 0.0640625 0.05625
0 0.1234375 0.42421875 0.06875 0.0625
0 0.24375 0.41171875 0.0734375 0.0640625
0 0.2921875 0.3609375 0.0796875 0.0875
0 0.13125 0.21640625 0.0734375 0.0703125
0 0.08203125 0.275 0.08125 0.075
0 0.0359375 0.25078125 0.0640625 0.065625
0 0.11171875 0.09140625 0.06875 0.0765625
0 0.053125 0.1265625 0.0734375 0.0796875
0 0.0265625 0.1953125 0.0421875 0.0625
0 0.521875 0.309375 0.0734375 0.0703125
0 0.3734375 0.328125 0.0828125 0.0703125
0 0.40234375 0.36328125 0.0765625 0.090625
0 0.440625 0.39609375 0.059375 0.05
0 0.3234375 0.2203125 0.0671875 0.05625
0 0.38671875 0.26953125 0.0734375 0.059375
0 0.359375 0.228125 0.065625 0.0609375
0 0.56328125 0.1984375 0.075 0.065625
0 0.6078125 0.20625 0.0796875 0.078125
0 0.4703125 0.1359375 0.0421875 0.05
0 0.50234375 0.11484375 0.0453125 0.0625
0 0.52421875 0.0625 0.0421875 0.046875
0 0.778125 0.04140625 0.075 0.075
0 0.04375 0.046875 0.0828125 0.075
0 0.434375 0.0203125 0.065625 0.0359375
0 0.3125 0.0296875 0.1125 0.05
0 0.15078125 0.34609375 0.0890625 0.1015625
0 0.25234375 0.16484375 0.059375 0.05625
0 0.01484375 0.3796875 0.0296875 0.0546875
0 0.61015625 0.0484375 0.1046875 0.0796875
0 0.6453125 0.04375 0.059375 0.05625
0 0.540625 0.3359375 0.059375 0.065625
0 0.2359375 0.14609375 0.046875 0.05
0 0.1703125 0.37109375 0.0875 0.0984375