0 0.97998046875 0.715087890625 0.00732421875 0.00830078125
0 0.508056640625 0.63232421875 0.05029296875 0.044921875
0 0.26025390625 0.5283203125 0.00732421875 0.00732421875
0 0.346435546875 0.77880859375 0.0107421875 0.009765625
0 0.9169921875 0.96630859375 0.00732421875 0.00732421875
0 0.6513671875 0.47998046875 0.00927734375 0.0078125
0 0.409423828125 0.79052734375 0.00732421875 0.00634765625
0 0.85107421875 0.52783203125 0.01708984375 0.0166015625
0 0.82275390625 0.46240234375 0.0087890625 0.0078125
0 0.349609375 0.979736328125 0.005859375 0.0078125
0 0.70068359375 0.57666015625 0.0078125 0.00830078125
0 0.39208984375 0.308837890625 0.01123046875 0.01025390625
0 0.473388671875 0.8876953125 0.0068359375 0.01025390625
0 0.9697265625 0.606689453125 0.0087890625 0.0078125
0 0.2158203125 0.790771484375 0.00732421875 0.0068359375
0 0.61376953125 0.961669921875 0.013671875 0.01220703125
0 0.206787109375 0.64453125 0.0078125 0.00830078125
0 0.486328125 0.44775390625 0.01220703125 0.01123046875
0 0.641845703125 0.81494140625 0.0087890625 0.0078125
0 0.40869140625 0.25 0.0087890625 0.0087890625
0 0.326416015625 0.357177734375 0.0068359375 0.00634765625
0 0.74072265625 0.795654296875 0.0107421875 0.009765625
0 0.85546875 0.708984375 0.01904296875 0.01953125
0 0.68115234375 0.947509765625 0.00732421875 0.0078125
0 0.21484375 0.591552734375 0.00927734375 0.0078125
0 0.35595703125 0.286376953125 0.01123046875 0.01025390625
0 0.823974609375 0.86376953125 0.01025390625 0.01025390625
0 0.669677734375 0.592529296875 0.009765625 0.009765625
0 0.974609375 0.66357421875 0.01123046875 0.009765625
0 0.566650390625 0.8642578125 0.00537109375 0.00634765625
0 0.814453125 0.557861328125 0.00830078125 0.00634765625
0 0.69091796875 0.62451171875 0.00830078125 0.0078125
0 0.705078125 0.82275390625 0.005859375 0.00634765625
0 0.98779296875 0.645751953125 0.0068359375 0.00634765625
0 0.887939453125 0.518798828125 0.01025390625 0.0087890625
0 0.447021484375 0.822509765625 0.0087890625 0.0078125
0 0.12255859375 0.537109375 0.01123046875 0.01025390625
0 0.266845703125 0.70556640625 0.013671875 0.0107421875
0 0.211669921875 0.842529296875 0.01171875 0.01123046875
0 0.93359375 0.95703125 0.01123046875 0.01025390625
0 0.245361328125 0.4267578125 0.0048828125 0.00537109375
0 0.987548828125 0.769287109375 0.00927734375 0.0087890625
0 0.572509765625 0.77783203125 0.00830078125 0.00830078125
0 0.39013671875 0.588623046875 0.013671875 0.01416015625
0 0.346435546875 0.361328125 0.013671875 0.01171875
0 0.690673828125 0.923095703125 0.00732421875 0.00634765625
0 0.50439453125 0.497314453125 0.01171875 0.01220703125
0 0.49560546875 0.927001953125 0.00634765625 0.0068359375
0 0.791015625 0.54736328125 0.0107421875 0.00927734375
0 0.380859375 0.56494140625 0.0087890625 0.0087890625
0 0.85498046875 0.82421875 0.00390625 0.00537109375
0 0.837890625 0.81591796875 0.0126953125 0.0107421875
0 0.6640625 0.72509765625 0.013671875 0.0126953125
0 0.606689453125 0.72314453125 0.0068359375 0.00732421875
0 0.3818359375 0.756591796875 0.00830078125 0.00830078125
0 0.800048828125 0.5146484375 0.0166015625 0.01513671875
0 0.831298828125 0.781982421875 0.00927734375 0.00927734375
0 0.305908203125 0.709716796875 0.0107421875 0.01123046875
0 0.5341796875 0.705322265625 0.005859375 0.0068359375
0 0.980224609375 0.933349609375 0.0087890625 0.0087890625
0 0.255859375 0.665771484375 0.01171875 0.0087890625
0 0.481201171875 0.47412109375 0.00830078125 0.009765625
0 0.5 0.783447265625 0.00927734375 0.00830078125
0 0.955078125 0.827392578125 0.00830078125 0.0078125
0 0.73095703125 0.501220703125 0.00830078125 0.0068359375
0 0.6279296875 0.542724609375 0.00537109375 0.00537109375
0 0.454345703125 0.345703125 0.0107421875 0.0126953125
0 0.262939453125 0.450927734375 0.01171875 0.013671875
0 0.361083984375 0.247802734375 0.0068359375 0.00634765625
0 0.665283203125 0.354248046875 0.0107421875 0.00830078125
0 0.274658203125 0.6708984375 0.00927734375 0.0078125
0 0.262451171875 0.984375 0.00830078125 0.0068359375
0 0.50244140625 0.5791015625 0.01220703125 0.01953125
0 0.297119140625 0.78271484375 0.009765625 0.0078125
0 0.889892578125 0.5673828125 0.005859375 0.0068359375
0 0.885986328125 0.41796875 0.0068359375 0.005859375
0 0.399169921875 0.4248046875 0.00830078125 0.00830078125
0 0.37158203125 0.9111328125 0.01123046875 0.01220703125
0 0.348876953125 0.574462890625 0.00634765625 0.00634765625
0 0.2861328125 0.8974609375 0.00634765625 0.00927734375
0 0.458984375 0.986572265625 0.0068359375 0.0068359375
0 0.541259765625 0.871826171875 0.0048828125 0.005859375
0 0.5888671875 0.81201171875 0.005859375 0.00537109375
0 0.3095703125 0.255859375 0.00537109375 0.00537109375
0 0.8115234375 0.431396484375 0.01806640625 0.01904296875
0 0.926513671875 0.5009765625 0.0078125 0.009765625
0 0.69384765625 0.409912109375 0.0078125 0.00634765625
0 0.1962890625 0.732421875 0.0087890625 0.00732421875
0 0.545654296875 0.34814453125 0.00634765625 0.0068359375
0 0.9833984375 0.79248046875 0.009765625 0.00927734375
0 0.6298828125 0.706298828125 0.00634765625 0.005859375
0 0.465576171875 0.634765625 0.00537109375 0.0068359375
0 0.51806640625 0.572265625 0.00634765625 0.00634765625
0 0.38232421875 0.513916015625 0.015625 0.01318359375
0 0.909912109375 0.4912109375 0.0068359375 0.005859375
0 0.67822265625 0.744384765625 0.0107421875 0.00927734375
0 0.8662109375 0.760986328125 0.0107421875 0.01025390625
0 0.2841796875 0.3330078125 0.00537109375 0.00537109375
0 0.17578125 0.5654296875 0.0048828125 0.0048828125
0 0.719970703125 0.353271484375 0.0078125 0.00634765625
0 0.6513671875 0.74365234375 0.00634765625 0.005859375
0 0.666748046875 0.60302734375 0.00732421875 0.00634765625
0 0.6630859375 0.613037109375 0.01123046875 0.01220703125
0 0.7734375 0.796142578125 0.01513671875 0.0126953125
0 0.610595703125 0.975341796875 0.01123046875 0.01416015625
0 0.47412109375 0.2685546875 0.01318359375 0.01171875
0 0.56884765625 0.670166015625 0.0087890625 0.0087890625
0 0.323486328125 0.265869140625 0.0087890625 0.00830078125
0 0.346435546875 0.909912109375 0.00537109375 0.00390625
0 0.25830078125 0.572021484375 0.009765625 0.01025390625
0 0.29736328125 0.65966796875 0.01416015625 0.01953125
0 0.234130859375 0.34765625 0.00927734375 0.00830078125
0 0.4873046875 0.859375 0.0068359375 0.0068359375
0 0.758056640625 0.768310546875 0.0107421875 0.005859375
0 0.639404296875 0.586669921875 0.00732421875 0.00830078125
0 0.23388671875 0.808349609375 0.0078125 0.00830078125
0 0.341552734375 0.40771484375 0.00537109375 0.00634765625
0 0.953125 0.72900390625 0.01123046875 0.01025390625
0 0.899169921875 0.9072265625 0.01025390625 0.00830078125
0 0.479736328125 0.4560546875 0.00732421875 0.0068359375
0 0.895263671875 0.66552734375 0.00634765625 0.00537109375
0 0.655029296875 0.753662109375 0.00732421875 0.00732421875
0 0.906005859375 0.568603515625 0.0078125 0.0087890625
0 0.86767578125 0.637939453125 0.00927734375 0.0068359375
0 0.903564453125 0.665283203125 0.00927734375 0.009765625
0 0.810302734375 0.529541015625 0.00927734375 0.0087890625
0 0.990966796875 0.8935546875 0.01708984375 0.009765625
0 0.900390625 0.91748046875 0.01513671875 0.01220703125
0 0.57275390625 0.53369140625 0.00732421875 0.00537109375
0 0.26806640625 0.614501953125 0.0048828125 0.00390625
0 0.693603515625 0.446533203125 0.0087890625 0.00927734375
0 0.88134765625 0.64599609375 0.0087890625 0.0087890625
0 0.5283203125 0.229248046875 0.00732421875 0.0078125
0 0.773193359375 0.447021484375 0.01123046875 0.0107421875
0 0.99609375 0.755615234375 0.0078125 0.0087890625
0 0.808837890625 0.5498046875 0.00537109375 0.00537109375
0 0.26123046875 0.714111328125 0.01171875 0.01123046875
0 0.303466796875 0.56298828125 0.0068359375 0.00634765625
0 0.992919921875 0.93310546875 0.01416015625 0.01904296875
0 0.812255859375 0.7392578125 0.0068359375 0.0087890625
0 0.968017578125 0.5830078125 0.005859375 0.00634765625
0 0.4814453125 0.996337890625 0.0107421875 0.00732421875
0 0.708984375 0.438720703125 0.009765625 0.00927734375
0 0.87744140625 0.415771484375 0.005859375 0.00439453125
0 0.521484375 0.344482421875 0.00537109375 0.00634765625
0 0.681640625 0.398193359375 0.00634765625 0.0048828125
0 0.53662109375 0.4833984375 0.0078125 0.0078125
0 0.268798828125 0.437744140625 0.00732421875 0.00634765625
0 0.41357421875 0.280029296875 0.0068359375 0.00732421875
0 0.914794921875 0.98974609375 0.00341796875 0.00537109375
0 0.538330078125 0.935302734375 0.0048828125 0.005859375
0 0.109375 0.548095703125 0.00634765625 0.00634765625
0 0.38232421875 0.327880859375 0.00634765625 0.00732421875
0 0.701904296875 0.4453125 0.00830078125 0.01025390625
0 0.952392578125 0.9501953125 0.00634765625 0.0048828125
0 0.440185546875 0.845458984375 0.00634765625 0.00537109375
0 0.685546875 0.447021484375 0.0068359375 0.00732421875
0 0.5439453125 0.9404296875 0.00439453125 0.00634765625
0 0.662841796875 0.68408203125 0.005859375 0.005859375
0 0.342041015625 0.416748046875 0.0048828125 0.00634765625
0 0.28369140625 0.681396484375 0.0087890625 0.00830078125
0 0.59423828125 0.800048828125 0.00537109375 0.005859375
0 0.706787109375 0.429931640625 0.0087890625 0.0078125
0 0.273681640625 0.766845703125 0.005859375 0.00537109375
0 0.515625 0.74462890625 0.0068359375 0.00732421875
0 0.646484375 0.413818359375 0.0068359375 0.0078125
0 0.7666015625 0.443359375 0.0068359375 0.00634765625
0 0.584716796875 0.555419921875 0.00634765625 0.00634765625
0 0.585693359375 0.680908203125 0.0068359375 0.00830078125
0 0.6494140625 0.40673828125 0.00634765625 0.00732421875
0 0.473876953125 0.439208984375 0.01220703125 0.01611328125
0 0.755126953125 0.470947265625 0.00439453125 0.00439453125
0 0.555419921875 0.54931640625 0.005859375 0.00537109375
0 0.501708984375 0.29736328125 0.0048828125 0.0048828125
0 0.87255859375 0.647705078125 0.0048828125 0.00439453125
0 0.928466796875 0.996826171875 0.0126953125 0.00634765625
0 0.265625 0.5712890625 0.00634765625 0.00830078125
0 0.7568359375 0.542724609375 0.00634765625 0.0068359375
0 0.858642578125 0.419677734375 0.00537109375 0.005859375
0 0.51025390625 0.693603515625 0.0048828125 0.00537109375
0 0.92138671875 0.985107421875 0.00634765625 0.005859375
0 0.289794921875 0.687255859375 0.01025390625 0.01318359375
0 0.4189453125 0.630126953125 0.0068359375 0.0068359375
0 0.46435546875 0.42919921875 0.01220703125 0.01220703125
0 0.58837890625 0.56103515625 0.00732421875 0.00634765625
0 0.808349609375 0.5908203125 0.0048828125 0.00537109375
0 0.515625 0.597900390625 0.005859375 0.00634765625
0 0.18994140625 0.438720703125 0.005859375 0.0048828125
0 0.242431640625 0.652099609375 0.00634765625 0.00537109375
0 0.2060546875 0.24853515625 0.00537109375 0.0078125
0 0.28076171875 0.622314453125 0.0078125 0.0078125
0 0.281005859375 0.616455078125 0.00830078125 0.00830078125
0 0.789794921875 0.762939453125 0.0048828125 0.0048828125
0 0.388427734375 0.41796875 0.01513671875 0.0126953125
0 0.390869140625 0.412353515625 0.013671875 0.013671875
0 0.367431640625 0.823486328125 0.00341796875 0.00390625
0 0.36865234375 0.828857421875 0.00341796875 0.00341796875
0 0.77783203125 0.798583984375 0.0078125 0.0087890625
0 0.87451171875 0.86083984375 0.0068359375 0.0068359375
0 0.89697265625 0.835693359375 0.00537109375 0.0048828125
0 0.80712890625 0.52294921875 0.00634765625 0.005859375
0 0.771240234375 0.447509765625 0.00732421875 0.005859375
0 0.931640625 0.328857421875 0.00439453125 0.0048828125
0 0.884521484375 0.297119140625 0.00390625 0.00537109375
0 0.513916015625 0.672119140625 0.00439453125 0.005859375
0 0.803466796875 0.353515625 0.00634765625 0.0048828125
0 0.7998046875 0.348876953125 0.00390625 0.00439453125