0 0.48828125 0.433837890625 0.01318359375 0.01318359375
0 0.20458984375 0.62109375 0.01513671875 0.01416015625
0 0.501708984375 0.5595703125 0.01611328125 0.01513671875
0 0.847900390625 0.480224609375 0.013671875 0.01318359375
0 0.1484375 0.520263671875 0.041015625 0.02978515625
0 0.427734375 0.636962890625 0.0126953125 0.013671875
0 0.228271484375 0.930419921875 0.00927734375 0.0087890625
0 0.72802734375 0.6826171875 0.013671875 0.009765625
0 0.69921875 0.310302734375 0.0087890625 0.00927734375
0 0.93701171875 0.73046875 0.0126953125 0.0126953125
0 0.645263671875 0.256591796875 0.0126953125 0.0126953125
0 0.6513671875 0.394775390625 0.01123046875 0.01025390625
0 0.325927734375 0.701904296875 0.0107421875 0.01220703125
0 0.3447265625 0.43310546875 0.0224609375 0.0205078125
0 0.583251953125 0.536865234375 0.01318359375 0.01416015625
0 0.228515625 0.333740234375 0.0087890625 0.01123046875
0 0.5966796875 0.51416015625 0.00927734375 0.009765625
0 0.39892578125 0.597412109375 0.01416015625 0.01318359375
0 0.224853515625 0.9794921875 0.01611328125 0.0146484375
0 0.790771484375 0.646728515625 0.0068359375 0.00830078125
0 0.595458984375 0.48291015625 0.009765625 0.00927734375
0 0.20166015625 0.301025390625 0.00927734375 0.009765625
0 0.757080078125 0.5908203125 0.01123046875 0.01171875
0 0.54248046875 0.515869140625 0.01123046875 0.01123046875
0 0.156982421875 0.246337890625 0.017578125 0.01611328125
0 0.3828125 0.970947265625 0.01318359375 0.01318359375
0 0.673095703125 0.84228515625 0.01416015625 0.013671875
0 0.2880859375 0.689208984375 0.013671875 0.01220703125
0 0.111572265625 0.779296875 0.01171875 0.01220703125
0 0.59228515625 0.639892578125 0.01171875 0.0126953125
0 0.94384765625 0.67138671875 0.01171875 0.01123046875
0 0.140625 0.615478515625 0.01513671875 0.015625
0 0.1904296875 0.49169921875 0.02978515625 0.02392578125
0 0.398193359375 0.30859375 0.0126953125 0.0126953125
0 0.5537109375 0.5654296875 0.015625 0.01611328125
0 0.92236328125 0.720947265625 0.01123046875 0.01123046875
0 0.63427734375 0.79345703125 0.01318359375 0.0126953125
0 0.537353515625 0.278076171875 0.0068359375 0.0068359375
0 0.84423828125 0.619384765625 0.00732421875 0.00732421875
0 0.665283203125 0.815185546875 0.00830078125 0.0078125
0 0.864501953125 0.019775390625 0.0126953125 0.01171875
0 0.20947265625 0.360107421875 0.0126953125 0.0107421875
0 0.82861328125 0.4130859375 0.013671875 0.013671875
0 0.919677734375 0.406494140625 0.013671875 0.0146484375
0 0.586181640625 0.869384765625 0.01416015625 0.013671875
0 0.283203125 0.656494140625 0.01220703125 0.01123046875
0 0.882568359375 0.818115234375 0.01123046875 0.01123046875
0 0.898681640625 0.7294921875 0.0107421875 0.009765625
0 0.552490234375 0.089599609375 0.00732421875 0.0078125
0 0.660888671875 0.796142578125 0.00732421875 0.0078125
0 0.3583984375 0.911376953125 0.01123046875 0.01171875
0 0.638916015625 0.415771484375 0.01611328125 0.0126953125
0 0.414306640625 0.3759765625 0.01513671875 0.0126953125
0 0.52490234375 0.42919921875 0.0126953125 0.01171875
0 0.755615234375 0.65869140625 0.01025390625 0.01025390625
0 0.214599609375 0.5732421875 0.00927734375 0.01025390625
0 0.75634765625 0.669921875 0.01025390625 0.01123046875
0 0.146728515625 0.409423828125 0.02294921875 0.0205078125
0 0.8525390625 0.3291015625 0.01123046875 0.009765625
0 0.1845703125 0.9716796875 0.00732421875 0.00732421875
0 0.225341796875 0.576416015625 0.0087890625 0.0087890625
0 0.558349609375 0.084716796875 0.00830078125 0.00830078125
0 0.701171875 0.363037109375 0.0078125 0.00830078125
0 0.553955078125 0.45703125 0.009765625 0.0087890625
0 0.078369140625 0.351806640625 0.00830078125 0.0078125
0 0.82666015625 0.5341796875 0.0087890625 0.00830078125
0 0.559326171875 0.09423828125 0.01025390625 0.01123046875
0 0.842041015625 0.836181640625 0.00634765625 0.00732421875
0 0.64599609375 0.919189453125 0.0078125 0.0068359375
0 0.52294921875 0.07421875 0.0107421875 0.0107421875
0 0.801513671875 0.07177734375 0.005859375 0.0048828125
0 0.36865234375 0.246337890625 0.0068359375 0.00732421875
0 0.642333984375 0.925048828125 0.0078125 0.0068359375
0 0.146240234375 0.377685546875 0.0078125 0.00830078125
0 0.13818359375 0.381591796875 0.0078125 0.0078125
0 0.12646484375 0.521728515625 0.01416015625 0.015625
0 0.859130859375 0.31494140625 0.009765625 0.0087890625
0 0.672119140625 0.18994140625 0.0068359375 0.005859375
0 0.6025390625 0.103759765625 0.005859375 0.00537109375
0 0.694091796875 0.36328125 0.005859375 0.005859375
0 0.65576171875 0.366455078125 0.00634765625 0.0068359375
0 0.305908203125 0.18896484375 0.0048828125 0.00634765625
0 0.843505859375 0.840576171875 0.00732421875 0.0068359375
0 0.539306640625 0.28271484375 0.00439453125 0.00439453125
0 0.6044921875 0.5908203125 0.0078125 0.0087890625