0 0.53515625 0.4359375 0.0234375 0.021875
0 0.359375 0.42578125 0.0234375 0.0203125
0 0.4640625 0.3890625 0.0265625 0.0265625
0 0.3546875 0.08828125 0.0203125 0.01875
0 0.2515625 0.6703125 0.025 0.025
0 0.63203125 0.58125 0.0203125 0.021875
0 0.69921875 0.665625 0.0234375 0.0203125
0 0.35390625 0.40703125 0.03125 0.025
0 0.5046875 0.2953125 0.025 0.021875
0 0.35234375 0.78359375 0.021875 0.0234375
0 0.015625 0.6359375 0.0203125 0.0203125
0 0.31328125 0.18359375 0.0171875 0.0203125
0 0.146875 0.40234375 0.0203125 0.01875
0 0.578125 0.1015625 0.0171875 0.0171875
0 0.43515625 0.35625 0.0234375 0.021875
0 0.53125 0.5890625 0.025 0.0234375
0 0.4703125 0.75 0.0203125 0.021875
0 0.60390625 0.18125 0.01875 0.0171875
0 0.42265625 0.15 0.025 0.0234375
0 0.3578125 0.18828125 0.021875 0.0171875
0 0.296875 0.56796875 0.021875 0.0234375
0 0.97265625 0.9203125 0.01875 0.01875
0 0.2640625 0.384375 0.0234375 0.0234375
0 0.5109375 0.0609375 0.021875 0.01875
0 0.26015625 0.98671875 0.028125 0.025
0 0.26875 0.56484375 0.0234375 0.0234375
0 0.5609375 0.69921875 0.01875 0.0171875
0 0.1953125 0.38984375 0.0234375 0.021875
0 0.28203125 0.68359375 0.0203125 0.0234375
0 0.83359375 0.9515625 0.0234375 0.0234375
0 0.4921875 0.8484375 0.0296875 0.021875
0 0.13125 0.59765625 0.0234375 0.0171875
0 0.71875 0.43671875 0.025 0.0234375
0 0.5359375 0.190625 0.0203125 0.01875
0 0.49375 0.5953125 0.021875 0.021875
0 0.0328125 0.53203125 0.0265625 0.0234375
0 0.26796875 0.2390625 0.015625 0.0171875
0 0.10078125 0.3359375 0.021875 0.0203125
0 0.421875 0.02890625 0.021875 0.021875
0 0.4953125 0.1984375 0.021875 0.0203125
0 0.2890625 0.45546875 0.0234375 0.0203125
0 0.33125 0.52421875 0.0265625 0.025
0 0.00859375 0.50546875 0.0171875 0.0203125
0 0.30625 0.39453125 0.021875 0.01875
0 0.17578125 0.55546875 0.0203125 0.021875
0 0.85390625 0.675 0.0203125 0.015625
0 0.1296875 0.48984375 0.0171875 0.0203125
0 0.48046875 0.31875 0.0203125 0.01875
0 0.409375 0.28046875 0.0171875 0.01875
0 0.5828125 0.36171875 0.021875 0.0203125
0 0.41328125 0.61484375 0.0203125 0.0171875
0 0.08203125 0.61328125 0.021875 0.015625
0 0.18046875 0.52265625 0.0234375 0.01875
0 0.2515625 0.33515625 0.025 0.0234375
0 0.71484375 0.56875 0.0171875 0.021875
0 0.36953125 0.915625 0.0203125 0.0234375
0 0.478125 0.67578125 0.0203125 0.0203125
0 0.515625 0.9015625 0.021875 0.021875
0 0.5828125 0.58828125 0.0203125 0.0203125
0 0.33046875 0.26796875 0.0203125 0.0234375
0 0.0203125 0.5890625 0.0203125 0.015625
0 0.359375 0.50234375 0.021875 0.01875
0 0.05703125 0.478125 0.01875 0.01875
0 0.4609375 0.48203125 0.0265625 0.0203125
0 0.86796875 0.709375 0.021875 0.0203125
0 0.63984375 0.78515625 0.0265625 0.021875
0 0.64609375 0.725 0.01875 0.01875
0 0.40078125 0.1359375 0.0203125 0.0203125
0 0.77265625 0.73515625 0.0265625 0.028125
0 0.5921875 0.28125 0.0171875 0.0171875
0 0.8890625 0.696875 0.0171875 0.0203125
0 0.49765625 0.8265625 0.0171875 0.021875
0 0.10625 0.53125 0.0203125 0.01875
0 0.3515625 0.728125 0.0171875 0.01875
0 0.56484375 0.67734375 0.021875 0.0234375
0 0.5109375 0.49375 0.0203125 0.0171875
0 0.3125 0.81796875 0.021875 0.021875
0 0.38125 0.71796875 0.021875 0.0234375
0 0.440625 0.7796875 0.034375 0.025
0 0.6140625 0.50703125 0.015625 0.01875
0 0.46171875 0.4453125 0.0125 0.0125
0 0.31796875 0.3421875 0.021875 0.0234375
0 0.57421875 0.6265625 0.021875 0.0203125
0 0.478125 0.41875 0.01875 0.01875
0 0.265625 0.6453125 0.0234375 0.021875
0 0.13203125 0.42578125 0.0203125 0.0203125
0 0.23671875 0.5703125 0.01875 0.01875
0 0.06796875 0.440625 0.0171875 0.01875
0 0.12109375 0.68359375 0.025 0.021875
0 0.2796875 0.18984375 0.015625 0.0171875
0 0.00703125 0.66640625 0.0140625 0.01875
0 0.0546875 0.91875 0.01875 0.0203125
0 0.559375 0.32109375 0.0171875 0.0140625
0 0.6953125 0.98671875 0.0234375 0.021875
0 0.91484375 0.9546875 0.03125 0.0265625
0 0.65234375 0.7078125 0.021875 0.0203125
0 0.378125 0.98984375 0.0203125 0.0203125
0 0.09375 0.36015625 0.0234375 0.028125
0 0.565625 0.6046875 0.015625 0.015625
0 0.46796875 0.58828125 0.0171875 0.015625
0 0.55546875 0.58671875 0.015625 0.01875
0 0.05390625 0.98359375 0.0203125 0.025
0 0.296875 0.346875 0.021875 0.021875
0 0.24609375 0.509375 0.01875 0.01875
0 0.84609375 0.8421875 0.021875 0.021875
0 0.0421875 0.48984375 0.01875 0.0203125
0 0.403125 0.753125 0.0234375 0.0234375
0 0.67890625 0.75703125 0.0203125 0.01875
0 0.390625 0.55703125 0.0171875 0.0171875
0 0.28125 0.53984375 0.021875 0.0203125
0 0.64296875 0.59921875 0.021875 0.01875
0 0.296875 0.7015625 0.0234375 0.025
0 0.059375 0.55703125 0.015625 0.0203125
0 0.4515625 0.53984375 0.0234375 0.0203125
0 0.378125 0.05859375 0.015625 0.01875
0 0.51640625 0.93828125 0.021875 0.021875
0 0.403125 0.5640625 0.021875 0.025
0 0.78203125 0.65546875 0.01875 0.0171875
0 0.38203125 0.88046875 0.01875 0.01875
0 0.27109375 0.790625 0.03125 0.0203125
0 0.03515625 0.9015625 0.0203125 0.0171875
0 0.8390625 0.77578125 0.025 0.021875
0 0.55390625 0.74140625 0.0234375 0.0234375
0 0.4203125 0.934375 0.021875 0.0203125
0 0.10234375 0.4015625 0.015625 0.0171875
0 0.4859375 0.92890625 0.0203125 0.021875
0 0.165625 0.89921875 0.01875 0.0234375
0 0.23203125 0.85859375 0.01875 0.0171875
0 0.35390625 0.6890625 0.015625 0.01875
0 0.33984375 0.8765625 0.015625 0.0171875
0 0.56875 0.42265625 0.0203125 0.0234375
0 0.5515625 0.5734375 0.01875 0.015625
0 0.59609375 0.87265625 0.0203125 0.0265625
0 0.27109375 0.3734375 0.0203125 0.01875
0 0.1390625 0.3484375 0.0203125 0.0234375
0 0.17734375 0.4 0.0203125 0.01875
0 0.3390625 0.9703125 0.0203125 0.01875
0 0.64375 0.5296875 0.01875 0.0171875
0 0.92578125 0.92421875 0.01875 0.0171875
0 0.50390625 0.4328125 0.0171875 0.0140625
0 0.921875 0.628125 0.01875 0.0203125
0 0.71796875 0.884375 0.021875 0.025
0 0.565625 0.88359375 0.015625 0.01875
0 0.61640625 0.29609375 0.0203125 0.0203125
0 0.68984375 0.4109375 0.021875 0.01875
0 0.259375 0.4765625 0.0265625 0.0234375
0 0.9625 0.78125 0.021875 0.0234375
0 0.371875 0.5890625 0.0234375 0.0234375
0 0.20859375 0.8828125 0.0234375 0.0203125
0 0.38359375 0.4453125 0.021875 0.01875
0 0.37421875 0.96328125 0.021875 0.021875
0 0.5046875 0.38828125 0.0171875 0.01875
0 0.96953125 0.85078125 0.0203125 0.0203125
0 0.3890625 0.265625 0.015625 0.015625
0 0.75859375 0.83125 0.0234375 0.0234375
0 0.359375 0.3828125 0.0171875 0.01875
0 0.27578125 0.2953125 0.0296875 0.0265625
0 0.596875 0.64453125 0.015625 0.015625
0 0.203125 0.4375 0.01875 0.0203125
0 0.403125 0.06484375 0.0140625 0.0125
0 0.57265625 0.95703125 0.025 0.025
0 0.1421875 0.54375 0.0171875 0.0140625
0 0.3234375 0.31171875 0.0140625 0.0140625
0 0.340625 0.47109375 0.0140625 0.0140625
0 0.06875 0.3203125 0.0234375 0.0171875
0 0.5484375 0.6328125 0.0203125 0.021875
0 0.38359375 0.13203125 0.0125 0.0125
0 0.3796875 0.75078125 0.015625 0.015625
0 0.009375 0.3796875 0.0171875 0.0203125
0 0.32734375 0.58828125 0.01875 0.0171875
0 0.909375 0.88046875 0.0265625 0.021875
0 0.303125 0.878125 0.0171875 0.021875
0 0.5375 0.4953125 0.01875 0.01875
0 0.5984375 0.2171875 0.01875 0.0171875
0 0.309375 0.7203125 0.021875 0.021875
0 0.6984375 0.56953125 0.0109375 0.01875
0 0.73984375 0.8546875 0.0171875 0.0203125
0 0.3375 0.17890625 0.0125 0.0125
0 0.575 0.56796875 0.021875 0.01875
0 0.4546875 0.2671875 0.0140625 0.0109375
0 0.56953125 0.534375 0.0171875 0.0171875
0 0.371875 0.234375 0.0109375 0.009375
0 0.16953125 0.790625 0.021875 0.01875
0 0.98125 0.82265625 0.015625 0.0203125
0 0.63671875 0.984375 0.021875 0.01875
0 0.3234375 0.740625 0.021875 0.0203125
0 0.934375 0.8859375 0.015625 0.0140625
0 0.5203125 0.990625 0.025 0.01875
0 0.5328125 0.13046875 0.021875 0.0140625
0 0.31328125 0.45625 0.0203125 0.021875
0 0.5171875 0.66171875 0.0140625 0.0109375
0 0.42578125 0.66171875 0.0140625 0.0140625
0 0.225 0.44453125 0.01875 0.0109375
0 0.2234375 0.5828125 0.0234375 0.021875
0 0.884375 0.68125 0.015625 0.0140625
0 0.2375 0.81328125 0.0125 0.0125
0 0.490625 0.453125 0.0125 0.0125
0 0.66484375 0.384375 0.0203125 0.015625
0 0.29296875 0.7515625 0.0140625 0.015625
0 0.28203125 0.9546875 0.0203125 0.01875
0 0.384375 0.19921875 0.0125 0.0125
0 0.36015625 0.22578125 0.0109375 0.009375
0 0.60234375 0.996875 0.01875 0.00625
0 0.4421875 0.41640625 0.021875 0.021875
0 0.38125 0.48984375 0.0140625 0.015625
0 0.92421875 0.90625 0.0234375 0.025
0 0.18359375 0.4265625 0.0171875 0.0171875
0 0.04453125 0.41796875 0.0203125 0.021875
0 0.14140625 0.99453125 0.0203125 0.0109375
0 0.3765625 0.4640625 0.0125 0.0125
0 0.28125 0.9078125 0.021875 0.021875
0 0.14296875 0.93046875 0.021875 0.021875
0 0.3984375 0.33984375 0.0109375 0.0109375
0 0.875 0.8265625 0.021875 0.028125
0 0.7578125 0.7578125 0.0171875 0.0203125
0 0.51015625 0.17578125 0.0125 0.0109375
0 0.19609375 0.9484375 0.0171875 0.0140625
0 0.8484375 0.6609375 0.021875 0.01875
0 0.8515625 0.584375 0.0171875 0.01875
0 0.6359375 0.503125 0.015625 0.015625
0 0.246875 0.5875 0.0171875 0.01875
0 0.278125 0.4359375 0.01875 0.0234375
0 0.6421875 0.84765625 0.01875 0.021875
0 0.5890625 0.72109375 0.0234375 0.021875
0 0.49375 0.9609375 0.01875 0.0234375
0 0.709375 0.55546875 0.015625 0.0171875
0 0.328125 0.4296875 0.025 0.0234375
0 0.21796875 0.453125 0.025 0.0171875
0 0.4421875 0.3765625 0.0203125 0.0234375
0 0.7953125 0.828125 0.0171875 0.0203125
0 0.803125 0.81328125 0.025 0.01875
0 0.53671875 0.14453125 0.0171875 0.015625
0 0.17890625 0.934375 0.021875 0.0234375
0 0.3375 0.11640625 0.009375 0.0125
0 0.63203125 0.23046875 0.0109375 0.0109375
0 0.23671875 0.41328125 0.0203125 0.0171875
0 0.1734375 0.6890625 0.0171875 0.0203125
0 0.7171875 0.97578125 0.0171875 0.0171875
0 0.1421875 0.5296875 0.0171875 0.0125
0 0.2 0.515625 0.0171875 0.015625
0 0.72109375 0.5390625 0.0140625 0.01875
0 0.65390625 0.95078125 0.0203125 0.01875
0 0.43359375 0.61875 0.01875 0.01875
0 0.74375 0.428125 0.009375 0.009375