0 0.65390625 0.46640625 0.025 0.0234375
0 0.85859375 0.509375 0.01875 0.0171875
0 0.01953125 0.2765625 0.0265625 0.025
0 0.621875 0.790625 0.0390625 0.021875
0 0.35078125 0.88828125 0.021875 0.0203125
0 0.2609375 0.578125 0.0234375 0.025
0 0.05390625 0.30546875 0.0265625 0.025
0 0.61484375 0.74921875 0.0203125 0.0203125
0 0.0203125 0.81640625 0.021875 0.021875
0 0.83984375 0.49453125 0.0234375 0.0203125
0 0.65078125 0.82578125 0.009375 0.0109375
0 0.64453125 0.80234375 0.01875 0.0140625
0 0.5796875 0.6125 0.021875 0.01875
0 0.4359375 0.590625 0.021875 0.0234375
0 0.68828125 0.81484375 0.01875 0.01875
0 0.48046875 0.965625 0.0234375 0.0234375
0 0.415625 0.72109375 0.0171875 0.01875
0 0.0109375 0.684375 0.021875 0.0234375
0 0.3953125 0.48984375 0.01875 0.0171875
0 0.521875 0.36875 0.01875 0.0171875
0 0.0609375 0.259375 0.021875 0.021875
0 0.48203125 0.15234375 0.0234375 0.0234375
0 0.01171875 0.63515625 0.015625 0.0140625
0 0.16953125 0.059375 0.0234375 0.0203125
0 0.21328125 0.0890625 0.0265625 0.0203125
0 0.38203125 0.38046875 0.01875 0.015625
0 0.51953125 0.9890625 0.0140625 0.015625
0 0.4046875 0.421875 0.0125 0.0125
0 0.0390625 0.8140625 0.0203125 0.01875
0 0.4890625 0.6734375 0.0125 0.0140625
0 0.88828125 0.4703125 0.01875 0.0171875
0 0.7203125 0.34140625 0.0171875 0.01875
0 0.2015625 0.76640625 0.0171875 0.0171875
0 0.0140625 0.653125 0.0171875 0.015625
0 0.76875 0.23203125 0.0234375 0.0234375
0 0.671875 0.828125 0.0125 0.0140625
0 0.2328125 0.284375 0.0203125 0.01875
0 0.521875 0.9578125 0.021875 0.0171875
0 0.65625 0.44453125 0.0140625 0.0140625
0 0.503125 0.3578125 0.01875 0.0171875
0 0.57421875 0.1546875 0.0171875 0.015625
0 0.48828125 0.45703125 0.0078125 0.0109375
0 0.5 0.96484375 0.0140625 0.0140625
0 0.81171875 0.33359375 0.0125 0.0140625
0 0.41640625 0.51015625 0.01875 0.01875
0 0.2453125 0.5515625 0.021875 0.0234375
0 0.534375 0.3140625 0.0109375 0.0109375
0 0.24609375 0.86875 0.01875 0.01875
0 0.55390625 0.30625 0.015625 0.015625
0 0.51640625 0.60546875 0.0125 0.0109375
0 0.2421875 0.02578125 0.01875 0.0171875
0 0.82421875 0.48671875 0.0125 0.0125
0 0.34765625 0.9046875 0.0140625 0.0125
0 0.0453125 0.88046875 0.0140625 0.0140625
0 0.5921875 0.309375 0.0203125 0.015625
0 0.253125 0.88671875 0.015625 0.015625
0 0.54453125 0.46640625 0.0078125 0.009375
0 0.496875 0.37578125 0.0140625 0.0140625
0 0.225 0.85859375 0.0171875 0.015625
0 0.078125 0.6671875 0.0125 0.0125
0 0.41328125 0.62734375 0.0125 0.009375
0 0.61484375 0.653125 0.0109375 0.009375
0 0.10546875 0.7859375 0.0125 0.0109375
0 0.1609375 0.4890625 0.01875 0.01875
0 0.2546875 0.203125 0.01875 0.01875
0 0.2671875 0.17109375 0.015625 0.015625
0 0.61640625 0.97109375 0.0171875 0.015625
0 0.41328125 0.99375 0.009375 0.0109375
0 0.26796875 0.88203125 0.015625 0.015625
0 0.534375 0.46171875 0.009375 0.0109375
0 0.2109375 0.22421875 0.015625 0.0140625
0 0.68203125 0.80390625 0.009375 0.0109375
0 0.27421875 0.03828125 0.0171875 0.0140625
0 0.5875 0.70546875 0.0109375 0.0109375
0 0.85390625 0.33125 0.0125 0.0125
0 0.034375 0.3765625 0.0140625 0.015625
0 0.20078125 0.32265625 0.0171875 0.015625
0 0.38671875 0.62734375 0.0078125 0.0078125
0 0.73671875 0.40703125 0.0125 0.0125
0 0.7203125 0.81953125 0.015625 0.0140625
0 0.33671875 0.21328125 0.0203125 0.015625
0 0.28203125 0.6734375 0.015625 0.0140625
0 0.3546875 0.44609375 0.0109375 0.009375
0 0.6109375 0.31328125 0.0125 0.0140625
0 0.109375 0.56328125 0.0203125 0.01875
0 0.66484375 0.80859375 0.028125 0.0203125
0 0.11484375 0.3734375 0.0140625 0.0140625
0 0.190625 0.753125 0.0109375 0.009375
0 0.584375 0.17265625 0.0125 0.0125
0 0.3671875 0.7875 0.0109375 0.009375
0 0.47109375 0.80546875 0.015625 0.0140625
0 0.709375 0.771875 0.009375 0.0078125
0 0.01640625 0.490625 0.015625 0.0140625
0 0.690625 0.4078125 0.0078125 0.009375
0 0.653125 0.35625 0.0109375 0.0109375
0 0.85390625 0.45 0.01875 0.01875
0 0.8125 0.52890625 0.0109375 0.0109375
0 0.7125 0.7875 0.0125 0.0078125
0 0.34296875 0.428125 0.0109375 0.0109375
0 0.55703125 0.1796875 0.0140625 0.0125
0 0.56953125 0.27265625 0.0125 0.0140625
0 0.596875 0.68359375 0.009375 0.0109375
0 0.02421875 0.2953125 0.0125 0.0109375
0 0.7890625 0.484375 0.0109375 0.0109375
0 0.65390625 0.390625 0.0109375 0.009375
0 0.60859375 0.9421875 0.0125 0.0109375
0 0.73671875 0.434375 0.0125 0.0125
0 0.64765625 0.31796875 0.015625 0.0140625
0 0.27890625 0.28671875 0.015625 0.015625
0 0.54296875 0.89609375 0.0171875 0.0140625
0 0.51328125 0.9765625 0.0140625 0.0140625
0 0.55625 0.996875 0.01875 0.00625
0 0.60546875 0.465625 0.009375 0.0078125
0 0.15546875 0.29140625 0.0140625 0.0125
0 0.16015625 0.10625 0.0234375 0.021875
0 0.36015625 0.14609375 0.0203125 0.01875
0 0.29609375 0.46796875 0.0203125 0.0234375
0 0.51796875 0.33359375 0.0125 0.0109375
0 0.19609375 0.8671875 0.0125 0.0125
0 0.21484375 0.134375 0.025 0.01875
0 0.53671875 0.2109375 0.0171875 0.01875
0 0.72890625 0.52421875 0.0140625 0.0109375
0 0.89921875 0.32265625 0.0078125 0.0078125
0 0.6078125 0.215625 0.0125 0.0140625
0 0.29453125 0.3953125 0.0109375 0.0109375
0 0.340625 0.40390625 0.0140625 0.015625
0 0.5625 0.4375 0.0109375 0.0125
0 0.10390625 0.8734375 0.015625 0.0140625
0 0.3421875 0.81640625 0.0109375 0.0109375
0 0.32890625 0.70546875 0.0109375 0.0125
0 0.24921875 0.928125 0.009375 0.0109375
0 0.44765625 0.33515625 0.0171875 0.015625
0 0.53984375 0.3875 0.015625 0.0125
0 0.59609375 0.284375 0.01875 0.015625
0 0.325 0.8390625 0.015625 0.0140625
0 0.51328125 0.8828125 0.0078125 0.009375
0 0.66953125 0.48125 0.0140625 0.0140625
0 0.0609375 0.6921875 0.0125 0.0125
0 0.675 0.84609375 0.009375 0.009375
0 0.73671875 0.38828125 0.0125 0.0125
0 0.77109375 0.3984375 0.0109375 0.0125
0 0.446875 0.99453125 0.0125 0.0109375
0 0.103125 0.6296875 0.0140625 0.0125
0 0.28046875 0.58984375 0.0140625 0.0140625
0 0.64296875 0.2921875 0.0078125 0.00625
0 0.503125 0.459375 0.0078125 0.009375
0 0.6390625 0.47734375 0.0109375 0.0109375
0 0.4875 0.5796875 0.0109375 0.0109375
0 0.3046875 0.0421875 0.0109375 0.0109375
0 0.22265625 0.8765625 0.0140625 0.0171875
0 0.62890625 0.32578125 0.0140625 0.015625
0 0.25 0.5875 0.0140625 0.0125
0 0.3640625 0.72421875 0.0109375 0.0125
0 0.0125 0.31171875 0.0140625 0.015625
0 0.33515625 0.79609375 0.0125 0.0109375
0 0.325 0.80390625 0.0140625 0.0140625
0 0.240625 0.22109375 0.0125 0.0125
0 0.35078125 0.41328125 0.009375 0.0078125
0 0.434375 0.74765625 0.0125 0.0109375
0 0.3078125 0.73125 0.0125 0.0125
0 0.77109375 0.27109375 0.009375 0.0109375
0 0.11953125 0.5359375 0.01875 0.0203125
0 0.63125 0.1640625 0.0125 0.0125
0 0.37578125 0.93359375 0.009375 0.009375
0 0.60546875 0.7265625 0.0078125 0.009375
0 0.540625 0.11796875 0.0109375 0.0109375
0 0.26640625 0.82734375 0.009375 0.0109375
0 0.74765625 0.51953125 0.0078125 0.0078125
0 0.3890625 0.6625 0.0078125 0.0078125
0 0.384375 0.65 0.009375 0.0078125
0 0.0515625 0.37265625 0.015625 0.015625
0 0.3546875 0.6546875 0.0140625 0.0140625
0 0.57890625 0.86484375 0.0109375 0.009375
0 0.67421875 0.42890625 0.0109375 0.0109375
0 0.54453125 0.284375 0.0125 0.0109375
0 0.23203125 0.89375 0.0125 0.0109375
0 0.49140625 0.32734375 0.0140625 0.0125
0 0.35 0.703125 0.01875 0.01875
0 0.59375 0.16015625 0.0109375 0.0109375
0 0.01875 0.42265625 0.015625 0.0140625
0 0.0515625 0.39921875 0.015625 0.0140625
0 0.19609375 0.5421875 0.0171875 0.015625
0 0.559375 0.88828125 0.0109375 0.0109375
0 0.35859375 0.87265625 0.0078125 0.0078125
0 0.515625 0.46640625 0.009375 0.009375
0 0.78515625 0.284375 0.009375 0.0078125
0 0.21640625 0.8921875 0.0109375 0.0109375
0 0.190625 0.0234375 0.0140625 0.0125
0 0.29296875 0.8796875 0.015625 0.0109375
0 0.07578125 0.384375 0.0125 0.0140625
0 0.0765625 0.5515625 0.0125 0.0125
0 0.78125 0.25078125 0.0078125 0.0078125
0 0.6625 0.84609375 0.0203125 0.01875
0 0.00546875 0.39921875 0.0109375 0.015625
0 0.659375 0.759375 0.00625 0.00625
0 0.6234375 0.80390625 0.0078125 0.0078125
0 0.63203125 0.84375 0.0109375 0.0109375
0 0.534375 0.91484375 0.009375 0.0078125
0 0.6453125 0.76875 0.0078125 0.009375
0 0.43203125 0.71171875 0.009375 0.009375
0 0.23515625 0.87890625 0.0109375 0.0125
0 0.26796875 0.61328125 0.0125 0.0125
0 0.01953125 0.8640625 0.0171875 0.0140625
0 0.38671875 0.6390625 0.0078125 0.009375
0 0.5640625 0.26015625 0.0109375 0.009375
0 0.41171875 0.66796875 0.00625 0.00625
0 0.3140625 0.1484375 0.015625 0.0140625
0 0.31171875 0.80234375 0.0109375 0.0125
0 0.090625 0.384375 0.0109375 0.009375
0 0.525 0.93515625 0.0078125 0.0078125
0 0.2484375 0.51953125 0.0140625 0.0125
0 0.40234375 0.74375 0.0140625 0.0109375
0 0.6140625 0.30234375 0.0109375 0.009375
0 0.27265625 0.8359375 0.0078125 0.0109375
0 0.41640625 0.58515625 0.0109375 0.0125
0 0.21484375 0.04765625 0.0171875 0.015625
0 0.3984375 0.60234375 0.0125 0.0140625
0 0.07578125 0.67421875 0.0140625 0.0140625
0 0.52109375 0.9484375 0.01875 0.0171875
0 0.85 0.46484375 0.009375 0.009375
0 0.859375 0.4640625 0.0078125 0.0078125
0 0.7703125 0.24921875 0.0078125 0.00625
0 0.82421875 0.36796875 0.009375 0.0078125
0 0.65234375 0.784375 0.00625 0.00625
0 0.67890625 0.7953125 0.0078125 0.0078125
0 0.6234375 0.74765625 0.015625 0.0171875
0 0.52109375 0.77265625 0.0109375 0.009375
0 0.63515625 0.640625 0.0078125 0.0078125
0 0.5859375 0.8640625 0.0109375 0.009375
0 0.0671875 0.93046875 0.015625 0.015625
0 0.47421875 0.75234375 0.0140625 0.0109375
0 0.54921875 0.209375 0.015625 0.0125
0 0.85859375 0.3453125 0.0078125 0.0078125
0 0.8390625 0.35390625 0.0078125 0.0078125
0 0.57265625 0.4265625 0.0078125 0.009375
0 0.390625 0.365625 0.0125 0.0140625
0 0.021875 0.17109375 0.0171875 0.0171875
0 0.040625 0.3328125 0.0140625 0.0140625
0 0.05703125 0.32890625 0.0125 0.009375
0 0.13046875 0.734375 0.0140625 0.0140625
0 0.30078125 0.58203125 0.0203125 0.0203125
0 0.3125 0.56328125 0.0203125 0.01875
0 0.34921875 0.6234375 0.01875 0.015625
0 0.75 0.28984375 0.0109375 0.009375
0 0.7484375 0.3140625 0.0078125 0.0078125
0 0.3765625 0.71015625 0.009375 0.009375
0 0.40234375 0.5578125 0.0078125 0.0109375
0 0.05703125 0.65625 0.0078125 0.009375
0 0.309375 0.8234375 0.009375 0.009375
0 0.27578125 0.821875 0.009375 0.0078125
0 0.64140625 0.940625 0.0078125 0.0078125
0 0.653125 0.75546875 0.0078125 0.009375
0 0.37109375 0.20546875 0.0203125 0.01875
0 0.334375 0.0796875 0.0140625 0.015625
0 0.884375 0.45859375 0.0125 0.009375
0 0.87890625 0.45078125 0.00625 0.0078125
0 0.84140625 0.453125 0.00625 0.00625
0 0.0109375 0.0234375 0.009375 0.0078125
0 0.02734375 0.25390625 0.0109375 0.0125
0 0.10078125 0.39296875 0.0109375 0.0109375
0 0.08125 0.39375 0.009375 0.009375
0 0.35859375 0.2734375 0.021875 0.01875
0 0.35234375 0.23359375 0.0171875 0.01875
0 0.2375 0.64140625 0.0140625 0.0109375
0 0.40546875 0.54765625 0.009375 0.0078125
0 0.384375 0.5203125 0.009375 0.0078125
0 0.5625 0.1265625 0.0125 0.0078125
0 0.85625 0.49765625 0.0078125 0.00625
0 0.60703125 0.4734375 0.009375 0.00625
0 0.68359375 0.4109375 0.0078125 0.0078125
0 0.8046875 0.31328125 0.0078125 0.0078125
0 0.44296875 0.4453125 0.0109375 0.015625
0 0.61796875 0.77578125 0.0078125 0.00625
0 0.66953125 0.81328125 0.00625 0.00625