0 0.5208567037589015 0.46074124097327734 0.038922102727631906 0.03630179485291925
0 0.5626952034330137 0.485264605403691 0.03565434198425844 0.03648513063302394
0 0.475117553695054 0.3536704948261163 0.02765862665434499 0.02740208760141747
0 0.8839538118890554 0.5481671234702666 0.026361278822486553 0.022700043042280207
0 0.8686441425479674 0.5258089736631395 0.03331636406331324 0.028732373927882113
0 0.4354306882160724 0.41893463743634723 0.03413952861206139 0.03310145974407421
0 0.6591167794094576 0.6424740838309612 0.025258524230914674 0.024379489324226882
0 0.4780652511459022 0.42950110399086056 0.029987729646363745 0.031033779994056588
0 0.9238320839727694 0.4090194655821441 0.027992240593385398 0.02789741584941962
0 0.769543112358395 0.5422470098067952 0.02473162744377819 0.023210857743442597
0 0.8406443969811275 0.3818624511019874 0.022769374701812978 0.022092259319022162
0 0.9463627886060706 0.39260221702369197 0.023389785840724757 0.022999467657805316
0 0.9284831423630406 0.31965780622176543 0.026083594804667168 0.024057907168026353
0 0.9286516468860804 0.5451906271728685 0.023624941675634867 0.023970170454545452
0 0.9733441211877806 0.37495742879916527 0.02736551574664675 0.024869516440185716
0 0.3774027695348079 0.4371755945442618 0.01948565099902818 0.018310467457291486
0 0.22327329349716366 0.5727452563379143 0.014160604298238866 0.014341646892010214
0 0.6051969402453536 0.7840086508756872 0.022470128776132026 0.022108937037810115
0 0.765803133920197 0.6171770221569901 0.022721724076704544 0.021847335105964823
0 0.17158274415629676 0.6518705488492184 0.019139022483005034 0.01753912296334875
0 0.44623919016449587 0.340428594579968 0.023579137512249385 0.020834461506003724
0 0.1697710971713149 0.6829605565809029 0.012348302117161748 0.012482796006530295
0 0.3412473216642529 0.6399184021165518 0.01690000895408191 0.015505513410283656
0 0.9170406190659088 0.25482517724894216 0.015880762083012555 0.015848344767118477
0 0.9631309244551649 0.19106913969634223 0.017552107758690795 0.016876928182545013
0 0.24262062366599427 0.5716816348222127 0.016516004478989335 0.015432369700742214
0 0.23121745680703792 0.7539438463432105 0.01313584782364135 0.013312155136542547
0 0.23193489736966189 0.650752775506502 0.01871313923590137 0.015148731762396317
0 0.22168722588333495 0.6837235446364235 0.016039833630772608 0.016930935499148845
0 0.5288929929259676 0.4051706975169717 0.015861832744743076 0.02432147687527264
