0 0.3068093573004172 0.8744972238721309 0.04014452166467542 0.03719755412728388
0 0.33298221484635226 0.5234656839539219 0.031856624258977104 0.0328810758326749
0 0.5006188600100288 0.8460931457051849 0.03903707323940357 0.039071330824767284
0 0.6657825976379158 0.35651435694360173 0.03623735812283301 0.03269099805938864
0 0.04959400033666973 0.8911064885227653 0.03481468982408741 0.03296885893448044
0 0.9761712083784844 0.4951263725876983 0.03553075357397001 0.033427757588634636
0 0.25203294756668615 0.5226434607950725 0.037403243720729486 0.033984906706327284
0 0.9408141290098595 0.8808072587876897 0.03513946564886657 0.03312015989043797
0 0.5205975112196879 0.6244448578541257 0.03653147899167218 0.033334978700547475
0 0.6402165876538519 0.3980860193286718 0.03291772185501994 0.031234904779236086
0 0.20483777115115295 0.7977290576601492 0.02769921982407174 0.028138409389327074
0 0.5064664323992639 0.9263653207309048 0.030132861628484886 0.02995616191208092
0 0.27993290190680875 0.23416906748479457 0.03681845522402133 0.034388197501275385
0 0.7010076798473878 0.9682008676842074 0.03385843232620594 0.035381466866623905
0 0.2653551939978024 0.5415690455446368 0.026516484791786307 0.025971189721444913
0 0.23793851477759223 0.9762980856683682 0.02822458876063789 0.025811800349602863
0 0.46980253947797673 0.5710001741079784 0.023522286716093653 0.022153933213120314
0 0.8542140496529614 0.7854603581308386 0.02651279339626646 0.027521786625424705
0 0.418822015572756 0.5611196983158653 0.022006968855197775 0.02028336809253223
0 0.9464580941437882 0.7155109049304473 0.03239282922755312 0.0284457691929389
0 0.9790013179694564 0.9176002731734549 0.027059119933203344 0.02566894465140712
0 0.9072623802049875 0.8048244420739071 0.02818511464403053 0.02727104573300453
0 0.5341360019819021 0.8996742025220911 0.02895578276675405 0.02634753895466001
0 0.49117000382868026 0.7587446773061405 0.023475132115259516 0.02468679685789982
0 0.08454212741070279 0.8014632889583648 0.020149899215529263 0.02054743108170338
0 0.2635703447253205 0.905453078303351 0.023374511818025065 0.01910436253007076
0 0.3190659216604096 0.3419995162178887 0.019784093827240227 0.0187557874896356
0 0.28583898589196527 0.3188462473275065 0.022670288814658737 0.020286401248488926
0 0.6040617500824785 0.309408582568248 0.021682066510814103 0.02153814308026488
0 0.25437230993874976 0.44046277646248283 0.02036656031708913 0.018870868995051405
0 0.33339838992189597 0.9064267808390964 0.01311267042740899 0.012977982234007611
0 0.6091464687951511 0.353806462358027 0.03409634872132362 0.03048060052435822
0 0.3138356012099341 0.994069584313233 0.0156696167499124 0.009648409624602705
0 0.15590744534072157 0.8701445261269802 0.02294699463205348 0.023748183773418037
0 0.2996027113195274 0.9053331794325923 0.012917086003494685 0.012935755945198711
0 0.3516178381271404 0.9749714665160141 0.017053473299391907 0.015808808846297814
0 0.30450908204381777 0.29608199555698206 0.01821632242678012 0.01686809395893912
0 0.4550399938691098 0.9673351692899788 0.018033538809910432 0.02047582481166688
0 0.12441680508594576 0.9869475557059728 0.015598289462287033 0.017558999306957424
0 0.11424518705800524 0.9644637816509735 0.014234527202935708 0.014432588673004919
0 0.4037615683915739 0.9831214970980091 0.01904200425047679 0.018975899454257768
0 0.9696487506494701 0.8993199180116199 0.018821830369309334 0.015496096414527111
0 0.09293080884488847 0.9606405777780278 0.01993883474588658 0.019012416273030536
0 0.34186877325127685 0.9708771817636448 0.04070096976997317 0.03568466351500105
0 0.1561431415801884 0.5936388603052737 0.04493789039655579 0.03591106966247316
0 0.16176037787975783 0.26258368685434874 0.033703417797416854 0.029177744100759434
0 0.21680929361553875 0.9493828941491487 0.03145652327758907 0.02917774410075954
0 0.6897805900392885 0.7788053132524011 0.038197206837072416 0.04264439522418689
0 0.19078477484539677 0.31277926035481857 0.04264934612465315 0.04036053878162841
0 0.8881629858109913 0.6866454585589892 0.03029271735773891 0.033139606464744197
0 0.8142351179490032 0.43363844913530347 0.030367937216833337 0.028242733816306178
