0 0.24182124435901642 0.7272375226020813 0.03942909836769104 0.036625027656555176
0 0.4887074828147888 0.3770464360713959 0.040898680686950684 0.038747549057006836
0 0.53973388671875 0.39788818359375 0.0407567024230957 0.038301825523376465
0 0.752449095249176 0.23100048303604126 0.035576820373535156 0.032831430435180664
0 0.6284617185592651 0.79531329870224 0.03368330001831055 0.03552377223968506
0 0.771477222442627 0.5330997705459595 0.024532198905944824 0.025619029998779297
0 0.7027162313461304 0.505390539765358 0.025806903839111328 0.027381151914596558
0 0.6735461950302124 0.5119734406471252 0.029261112213134766 0.026308178901672363
0 0.5352147817611694 0.513778805732727 0.027199268341064453 0.02538776397705078
0 0.7926480174064636 0.535076916217804 0.023925185203552246 0.024727702140808105
0 0.23621176183223724 0.41071784496307373 0.029419690370559692 0.027795612812042236
0 0.7965073585510254 0.3575074076652527 0.026030778884887695 0.02476680278778076
0 0.798453688621521 0.5588427782058716 0.02102971076965332 0.02078390121459961
0 0.48796340823173523 0.06579094380140305 0.02380192279815674 0.025428861379623413
0 0.954236626625061 0.9347864389419556 0.025533199310302734 0.024604439735412598
0 0.861786425113678 0.07427898794412613 0.023688197135925293 0.02158959209918976
0 0.6914694309234619 0.36540210247039795 0.025626182556152344 0.025508403778076172
0 0.6607564687728882 0.6161535978317261 0.024243831634521484 0.023771286010742188
0 0.6127082109451294 0.5695830583572388 0.0319056510925293 0.02803325653076172
0 0.8497427701950073 0.481611967086792 0.02188277244567871 0.021280884742736816
0 0.9164494276046753 0.8449207544326782 0.02380990982055664 0.022142410278320312
0 0.2688826322555542 0.8455469608306885 0.02599036693572998 0.024599790573120117
0 0.93928462266922 0.7167896032333374 0.020015954971313477 0.018889665603637695
0 0.6777145862579346 0.6018562316894531 0.0238189697265625 0.02582836151123047
0 0.9495121240615845 0.8199893236160278 0.01834702491760254 0.0166018009185791
0 0.9541308879852295 0.7514697909355164 0.016330480575561523 0.016175150871276855
0 0.5690528154373169 0.317018061876297 0.017499446868896484 0.016542911529541016
0 0.7872537970542908 0.8605330586433411 0.01900804042816162 0.018921613693237305
0 0.4738234877586365 0.25225314497947693 0.02414160966873169 0.023306310176849365
0 0.38166072964668274 0.6946089267730713 0.020960688591003418 0.019004106521606445
0 0.48692530393600464 0.5510437488555908 0.022191345691680908 0.021745681762695312
0 0.3604011535644531 0.8884665966033936 0.020993471145629883 0.01957404613494873
0 0.5086480528116226 0.5187215805053711 0.020320862531661987 0.01871633529663086
0 0.7184785604476929 0.2550317347049713 0.025373458862304688 0.02595663070678711
0 0.8027920722961426 0.7451778650283813 0.015916943550109863 0.015415430068969727
0 0.6127691268920898 0.35299205780029297 0.019927501678466797 0.02021193504333496
0 0.7447596192359924 0.4776836633682251 0.02564263343811035 0.02742743492126465
0 0.8523328304290771 0.8012004494667053 0.020485401153564453 0.02153944969177246
0 0.5807632207870483 0.48737832903862 0.01482534408569336 0.014091908931732178
0 0.7250314354896545 0.7105388641357422 0.0188981294631958 0.019366741180419922
0 0.31814253330230713 0.305388867855072 0.02579784393310547 0.022974014282226562
0 0.8901160955429077 0.05234553664922714 0.018277645111083984 0.01682741940021515
0 0.5999677181243896 0.6257666349411011 0.022780537605285645 0.02185964584350586
0 0.6902592182159424 0.2345857322216034 0.02062535285949707 0.018469631671905518
0 0.6207392811775208 0.6498174071311951 0.021319985389709473 0.020001649856567383
0 0.44529294967651367 0.6586239337921143 0.02035689353942871 0.018619537353515625
0 0.5309553146362305 0.48142188787460327 0.012437105178833008 0.010626077651977539
0 0.6164771318435669 0.4782600998878479 0.016318917274475098 0.018480420112609863
0 0.8456401228904724 0.6091229915618896 0.017068862915039062 0.015424489974975586
0 0.950093686580658 0.1404871940612793 0.013665318489074707 0.013792157173156738
0 0.4124948978424072 0.8192363977432251 0.026766538619995117 0.026117563247680664
0 0.7264959216117859 0.34157949686050415 0.028104305267333984 0.019501328468322754
0 0.9144206047058105 0.17022405564785004 0.023081302642822266 0.022463172674179077
0 0.4277496635913849 0.3311306834220886 0.01593858003616333 0.01574254035949707
0 0.5345478057861328 0.27312397956848145 0.011463403701782227 0.01093149185180664
0 0.9358630776405334 0.6980825066566467 0.016370534896850586 0.015644311904907227
0 0.9720231294631958 0.9162719249725342 0.01518392562866211 0.014466047286987305
0 0.4952853322029114 0.35510772466659546 0.010778069496154785 0.009916543960571289
0 0.42131006717681885 0.10996509343385696 0.017276763916015625 0.01590140163898468
0 0.8450924158096313 0.2539348900318146 0.021083593368530273 0.0205191969871521
0 0.47180479764938354 0.019582251086831093 0.017359256744384766 0.01707075536251068
0 0.8927171230316162 0.2690408229827881 0.01726508140563965 0.01459282636642456
0 0.833368182182312 0.7661580443382263 0.014132022857666016 0.01360929012298584
0 0.8726901412010193 0.14258161187171936 0.022630691528320312 0.022974252700805664
0 0.679451584815979 0.13396507501602173 0.01883673667907715 0.017645061016082764
0 0.8931781751431296 0.011007477510566736 0.02725661097854626 0.019918292638168383
0 0.9043582944736008 0.6839548059402143 0.030325787120072834 0.037907233900090986
0 0.920681817395844 0.025768783373734137 0.01987877574545205 0.014725019070705222
