0 0.5238603410581845 0.24416639869366974 0.022559118965778974 0.022312436974106523
0 0.29282168958188753 0.33775381476079974 0.015141928551678521 0.015439268452355135
0 0.5832958764123222 0.5458222176778821 0.02654737039707668 0.02434946943040857
0 0.48741822305609167 0.3362275122934377 0.021471371673859298 0.020112206421322
0 0.518417707836355 0.5158949778528366 0.021183477185981955 0.019924399424227968
0 0.519826747409839 0.3004981205746335 0.01717925750075902 0.01881420339336832
0 0.6902984470894236 0.36878502426835746 0.018587089925073734 0.01790125977240198
0 0.30327668146984516 0.3843737886152195 0.021135868916984733 0.019584957549011104
0 0.3035000464222979 0.5010538624029537 0.02470602317455326 0.0280812546083449
0 0.6980248794714499 0.3429853557133989 0.023501669508479355 0.023187154204708103
0 0.2980659056007655 0.5609608424528865 0.023222288598954716 0.02491483880280621
0 0.3910732547249089 0.2112065671964456 0.04059443583015267 0.03145275870435028
0 0.297032342364108 0.08684266862730282 0.025672017824806992 0.02243879054835238
0 0.3471334591083937 0.510629626134466 0.028609922410381246 0.02793330471189712
0 0.4921808500905404 0.3619178914924531 0.016677379939061415 0.017417595338523596
0 0.5349514582023117 0.4122098225177286 0.020067563080109298 0.02097699114384542
0 0.5881036338832625 0.5981455901527801 0.025857728194396253 0.023133891394864676
0 0.5583623162083622 0.32213671417554 0.016488556395298403 0.01668724891297276
0 0.3266699511007167 0.4535490693854094 0.017067034984114764 0.018167891492453157
0 0.6306697678681796 0.4598866025248308 0.024297794974735425 0.019629346753556556
0 0.2293017967801223 0.4780212868260973 0.02479734295031662 0.022562676879120402
0 0.3044746181850711 0.3611203153293882 0.01620998025188671 0.01756891254581237
0 0.31854275578347285 0.5084240587116694 0.019254664593815057 0.020422464935916897
0 0.5131594084105006 0.5323578876227988 0.02621250298187023 0.02300415462623612
0 0.28762974100423966 0.37282876220533695 0.01667242427405014 0.015735337669695523
0 0.4456602648510691 0.2378935645141178 0.016139584395059855 0.01714664329512925
0 0.5043833915927525 0.454090126349974 0.02229608751518043 0.01926813383717904
0 0.5578437079827376 0.5997738226017632 0.020941369654319916 0.030515926236662907
0 0.6556024809499154 0.6093826876341841 0.020343513144626128 0.01589315654005465
0 0.4582388439085813 0.25274909163083903 0.01401390059800052 0.01377965012496747
0 0.5606184568279406 0.5176661198210336 0.01902975364330326 0.018929920289187194
0 0.4155834232412387 0.5128978594237942 0.022891614438757805 0.020031136824470854
0 0.615206208186047 0.2849979546233898 0.017216403810287995 0.015169820050908656
0 0.5721546096325252 0.38634065817330626 0.025313198028712697 0.024324309900351317
0 0.27348202686190687 0.564342596727804 0.018855309999295192 0.01707379078385236
0 0.18353116355117702 0.483463962404038 0.021676089348352922 0.01740056818181818
0 0.28954642915957346 0.3532792143652953 0.017339342423067748 0.015714159614091776
0 0.5888519392999654 0.3189161460818225 0.024684463913948646 0.024013119551309855
0 0.3209585154081367 0.3622510011290445 0.01488868136276891 0.014024150776912733
0 0.3863071544893411 0.4330897758107976 0.01644209174130378 0.014303108125325294
0 0.47327003240750776 0.28036655741048966 0.01580154027151284 0.015614156835530881
0 0.7912515485394257 0.21976820914634476 0.021110624674705064 0.019477309492377255
0 0.4872028845867128 0.2329769518373742 0.026238043716928346 0.026364222572215476
0 0.3178665934131842 0.48348516163769734 0.023050936951064797 0.024889848697193788
0 0.46584155408977057 0.2302127284858063 0.021000964702788862 0.021398392094248785
0 0.5097584456391504 0.2615099343717471 0.017123262721742714 0.01648419371584403
0 0.6165812781583427 0.47510782171668975 0.01858209190395125 0.016166904086788687
0 0.6111156243900719 0.5402098423403886 0.01839220945740805 0.02112900722696912
0 0.38929588640836443 0.10335386171678466 0.015241634837460964 0.013443353191007763
0 0.36559800221471633 0.5474786804749848 0.018685483171408744 0.01750743265039469
0 0.5386132922625888 0.5846810271390852 0.013416171156640353 0.015472729780209056
0 0.4751009600266742 0.43152058778083796 0.012094448706410478 0.0131785110166551
0 0.54139358975836 0.3671395740601687 0.017230254258652846 0.017823239815557772
0 0.4118153388759975 0.23023233936529536 0.01558662536324601 0.012896631096569222
0 0.6307280922333123 0.43932343058748263 0.015896629741173663 0.017277396610426786
0 0.42627224204111724 0.2624837331354907 0.012682690378860165 0.011547779557110947
0 0.6154702985394257 0.44515798490631503 0.021465653598846286 0.02162440430365198
0 0.6639343092294304 0.6001683697776609 0.013220062361749652 0.012380733662061936
0 0.520233366077431 0.5570839875940644 0.019757135141069568 0.023552073280816273
0 0.5069892454445155 0.3466504829613224 0.010883275706432164 0.012593234271989938
0 0.51008939511407 0.3269225311808748 0.017072986017739416 0.020676093329827377
0 0.5173731425998113 0.47466791114568874 0.012886635054324254 0.01228191685461485
0 0.6670062285508653 0.5445518731905469 0.015339901015462351 0.015114990064950555
0 0.47704925642999646 0.47696988107759364 0.014582277254293893 0.013773614379120402
0 0.2621647386729593 0.5853248612074948 0.015558289124848195 0.014062652482000346
0 0.3423400180030415 0.5995360353934442 0.017099310340854875 0.015082121722653538
0 0.5555092509135366 0.552559444260713 0.01976048127385496 0.02546398578461138
0 0.16048747478964262 0.5069851792578396 0.014452201636775677 0.014318779886472068
0 0.3520860215345246 0.5836753659906857 0.012698531564451769 0.011647972938172275
0 0.6212312379369794 0.3927748691365588 0.01375506240241152 0.01601094888532269
0 0.6193452473732434 0.5817554481818723 0.014363889144908049 0.011199591144929737
0 0.7365911564505985 0.3368154257060255 0.022179184648247745 0.01681327952187066
0 0.4522275163596244 0.2890619705486099 0.020325681221807772 0.019745233073820263
0 0.5782052436526827 0.5067796250501496 0.0176583898307382 0.01722796702864764
0 0.5453204671845181 0.5185429125010842 0.0191401760252212 0.019836129288471546
0 0.41834889609808723 0.4826348415271513 0.015624152877775849 0.01636436827723803
0 0.30594536002355677 0.4613661014893086 0.023032046125466256 0.026725689625260236
0 0.2323264890375607 0.5060886274519105 0.010870950078070783 0.011065661121291637
0 0.48270881647537517 0.5299836581651739 0.02105560408624653 0.021015111643932164
0 0.49901437329220155 0.553512922680105 0.016713721482477444 0.016119719378903538
0 0.5377371137461506 0.5294089916263661 0.024152682937738548 0.021381788498655446
0 0.6327559757695936 0.6033227140915054 0.02208240093413862 0.017485407472566793
0 0.593039815083384 0.3487360872881517 0.02428657060526544 0.023198590354734126
0 0.7282881303267045 0.5483087543643737 0.013355983122614504 0.012467775470593337
0 0.3398368671319288 0.32060900336748027 0.012110882877558987 0.01182093411828808
0 0.4341403132590215 0.2878418074640278 0.0171689649657356 0.017173645316024028
0 0.6335558497516914 0.5481141703894864 0.011869283619231437 0.011341950034698126
0 0.5581013813852684 0.39881673544169627 0.017516835707082755 0.015707975621855483
0 0.28423989671208144 0.4354508113397814 0.011942686759954024 0.012300299406878903
0 0.5816333355132611 0.3429708805123937 0.01880149656000607 0.0155391018064712
0 0.5718981010230525 0.4357167653620533 0.025313452165379943 0.024107997240414642
0 0.5525883946627234 0.57583056945589 0.01262885576151544 0.012301739514659958
0 0.6400237126452984 0.4838331170912669 0.010561665754033656 0.01136994742420628
0 0.3366974109911737 0.2098704648464608 0.021410378873720506 0.01823244220593338
0 0.7170839647217644 0.3568345757510247 0.029725179996530186 0.03187879764893086
0 0.4654750043033809 0.26773532970674657 0.013089012553673663 0.0125981052247788
0 0.5548387536731219 0.6314070395179129 0.014569400996486815 0.01370669172341256
0 0.5716991543687109 0.5748726648228769 0.021844740794153366 0.025611003846612593
0 0.33315826140700905 0.1375874208957267 0.01755449028994622 0.016534830446792593
0 0.3737845702108453 0.5223532259091993 0.02646676671744882 0.022845361565319224
0 0.2900439546308444 0.589914675308217 0.013616769699319048 0.011995801323408222
0 0.6484451241000173 0.5642809050518304 0.014628530127732476 0.013815801065883067
0 0.6145301411170085 0.304453408362384 0.022678605555495314 0.020819744080987596
0 0.6025040763521426 0.4973391255597784 0.014357959289339 0.01725956468760843
0 0.5454276916800399 0.5648802228473608 0.01346085685396426 0.013305452281943962
0 0.4892490024288688 0.3001567938524679 0.02815851215518737 0.024698695567314365
0 0.38792949943886623 0.462400522437218 0.021917254456540598 0.019708806818181816
0 0.2725815253486077 0.40616723615870054 0.01252402438627689 0.01211571147423664
0 0.7123823093093988 0.21141321207399916 0.023097549851448646 0.020482801216331975
0 0.41475853797547274 0.24973445894981242 0.01439870586832061 0.01378185264275026
0 0.4577500755633024 0.32084909898385994 0.011034529379554129 0.011202789031325901
0 0.399575841666757 0.4831052696762773 0.013748327780729527 0.014161299865002601
0 0.32909914820166114 0.3819480964824774 0.01299557497234993 0.012212113983344899
0 0.3980252267915618 0.5296840310344921 0.023580028314213217 0.02283083341917505
0 0.6206245501780989 0.3485434411053521 0.014111997351557078 0.015724960422449686
0 0.625098393246335 0.26305621833457127 0.012231089521165856 0.01139148550675529
0 0.8191313574828677 0.3719845413748048 0.011948658971634281 0.011402180424835184
0 0.7856707496828375 0.3028533956724931 0.02028154615392956 0.01863109792461832
0 0.40117717798512315 0.1096134913786677 0.01288261122375954 0.012799201451764183
0 0.31859966121888006 0.09467357765213637 0.022509689383999824 0.022720321030520796
0 0.24932119037276088 0.5245816232759368 0.01200759750037951 0.011806173013532269
0 0.37987186344525287 0.38498905348661955 0.016577292448278106 0.016655100624566273
0 0.5956192387217535 0.3702508845650265 0.0210605173951466 0.0199980567016178
0 0.38003832296229834 0.33915185233439776 0.010889629123113288 0.012029156760984126
0 0.31728591230658504 0.43452240773822426 0.014076524108420802 0.015073777568745662
0 0.7287670085200165 0.32002063462669694 0.024905308677784524 0.017810893009140787
0 0.4521288054424553 0.4777221256126388 0.012229098783939104 0.014425559642826161
0 0.6073491283790011 0.4185196971165314 0.018160140324102184 0.01815192323852793
0 0.3055755276385485 0.40527271744610943 0.02918825275280838 0.02546246096460791
0 0.3329228779080012 0.4344621985261429 0.022131555201194916 0.022239880955608082
0 0.37345739042982307 0.5779902228541377 0.013402151283830672 0.012115626762014225
0 0.7727575149906749 0.42159439076325034 0.012481160001734905 0.011639628784264399
0 0.6914850747229572 0.2123954608819288 0.02382531255421582 0.02055614082288775
0 0.7862296385702203 0.27358417921311157 0.012919291616065231 0.012657784985470159
0 0.338530371703678 0.49244443217058465 0.0263869678039339 0.024109437348195695
0 0.4535086616553175 0.2714316839976579 0.015509791377515613 0.012994812562348195
0 0.6307322007760995 0.5223802067520386 0.01661812373948213 0.018101985383414294
0 0.7676300959484516 0.34534551235307515 0.013277709029103054 0.012495476367323038
0 0.4295181390893368 0.521917233278485 0.03413906798935201 0.03714508120174791
0 0.5924945225076986 0.517174979533527 0.031592237378556556 0.027845585205586398
0 0.34878820648299247 0.45992584546186455 0.01172169374972892 0.01323564941067401
0 0.22429624685887078 0.43240737650313366 0.011187286694623958 0.012068823259129944
0 0.5637275012808488 0.5285560242588697 0.02046617644268303 0.0204202200620229
0 0.7569665637469639 0.5444908168562413 0.01024933178998959 0.010194099420975017
0 0.4625872281754207 0.520103756377136 0.03140256671256939 0.03036573146632113
0 0.5836793474651393 0.4605641308797059 0.02107161469628296 0.019147249495792853
0 0.5715872918790119 0.30104526623018407 0.011167273432078417 0.01129427823153409
0 0.5557410659101752 0.49959931118797707 0.01113999609646079 0.01102436391286433
0 0.5194653650690166 0.22572601974879097 0.011643229053717036 0.010694558052947173
0 0.6142710487847522 0.6145668426873698 0.010597033106891914 0.009305468207841776
0 0.6483532960509194 0.5108083901018172 0.011940526598282443 0.01293894485166551
0 0.31966590219533414 0.22806222400757936 0.013855679344584922 0.011972590174466516
0 0.5684960581708666 0.3689439867537192 0.028620617328461138 0.02456582444645645
0 0.41814332071234167 0.6432826553757698 0.014511754329133413 0.013343149220918633
0 0.5898208141657811 0.6237763954813822 0.012322451653040422 0.011059815977945003
0 0.8023255538146252 0.28256888459077895 0.018269037886016654 0.018754396564343336
0 0.6060222384832039 0.30396784849252906 0.013707157640635842 0.015757998189191533
0 0.4979051938080109 0.5868879076013294 0.019734389909351144 0.02121689615772467
0 0.5039773659107174 0.4313588297921365 0.014523063410825815 0.01338173563822866
0 0.4728543495321174 0.5849595821044413 0.020707902769344203 0.021053952197909436
0 0.7131860800537279 0.5550507248316598 0.012065265345788515 0.01085006851524549
0 0.5516717025259151 0.28832429651582014 0.013434003079458709 0.01258505954252689
0 0.3518764540852977 0.5970358176830326 0.014699497792060635 0.012677946494404927
0 0.364003252271643 0.44375722595257194 0.013284570719118666 0.014858693236034004
0 0.6061454312326509 0.32557327725836005 0.020180738609255726 0.019682376604788342
0 0.3885782044600646 0.40790195187125905 0.011112252843619882 0.012047136930191707
0 0.6457061026346178 0.580524981973239 0.011939552407724669 0.011750517083405621
0 0.31239475565267716 0.41518739360144863 0.01692645505101709 0.0164071479495576
0 0.46811662789105873 0.3340533836941848 0.008991905916572692 0.008402245314397554
0 0.37198835342481346 0.5621989751176484 0.012395939505985427 0.012386875298187022
0 0.7727292211083883 0.41201483615978485 0.011445298946044413 0.010353697248004856
0 0.3304059718897738 0.5359236368448017 0.015697788977110078 0.014061339442552914
0 0.6187481956296625 0.37546828916551006 0.014602523475451075 0.013503467101839
0 0.32742632535660454 0.43975061314706587 0.00976420607027455 0.010332985109624392
0 0.4274638676957733 0.2506956461814441 0.01298744259899809 0.012850907674520731
0 0.6775150974122788 0.48318960069369143 0.016349882487205064 0.017210177461940493
0 0.4561403103788059 0.5795573142565926 0.012357861362009889 0.01228361109906315
0 0.7618004549385192 0.3564889922396827 0.011835229305820611 0.011631983506191447
0 0.25947598332253535 0.6370232692615263 0.009618162198831106 0.008820363666182338
0 0.8071075164138402 0.2004349316101286 0.024493437852402843 0.022097246751116847
0 0.21070438255294174 0.5506003258709772 0.01625879567005335 0.017745219858713565
0 0.27351460930045324 0.3759362606601861 0.011771737495120576 0.01286909962428435
0 0.536967799698289 0.5489410887485904 0.016061140877103572 0.016388850109515962
0 0.643431918311665 0.6222471704423469 0.012292463526305517 0.011205521000498785
0 0.40273355329144256 0.4222023915615783 0.013199689072258847 0.011513365216754856
0 0.3264768178226384 0.11218226245506863 0.011272231875650589 0.011239882395715866
0 0.41206208440183684 0.2935545350179996 0.015088729276001907 0.015299662709815231
0 0.3352032038670791 0.6644383469527997 0.015181129132601058 0.013312652820849235
0 0.8049339278550052 0.3200878220080998 0.0139866656184941 0.01458096421484646
0 0.4033384409155968 0.5473521204146968 0.017802612389399723 0.017117502290618494
0 0.6136473126911108 0.5301422606235903 0.017865511214542853 0.01606541884433553
0 0.3509137843897738 0.38817755800415293 0.011436552409080066 0.010026411576704546
0 0.6234417610247874 0.5171344023789903 0.010808093609038862 0.011180149689885496
0 0.584409482110134 0.2909111112955955 0.0117747024229051 0.009927637125368666
0 0.588349299328266 0.6124616380700793 0.013639514931037473 0.009285179630573386
0 0.6282617382338112 0.6186557957730634 0.013269873148529666 0.013092994028127167
0 0.40608665365712826 0.6074498512114526 0.01144839094216256 0.011242709666138965
0 0.5602693154032573 0.6698110078789143 0.03718629369795281 0.0309035693664339
0 0.35920991705656874 0.3625224296786899 0.014693800895103226 0.013779734837189885
0 0.6396209483838263 0.3404049790625271 0.010269662723369188 0.010063579064289122
0 0.4853753878125542 0.494849581589391 0.012051457253534872 0.010916186404840388
0 0.4194093025202225 0.5718037316072823 0.01462204964271773 0.011747552155621096
0 0.3744989060263597 0.4665310268680061 0.014800792432013357 0.014645684352771512
0 0.5446474073993754 0.3799287053464933 0.012459219536129424 0.010179063001496355
0 0.23972317909383672 0.4647137802727598 0.011437717202138271 0.012189622888293719
0 0.6861796541233843 0.6013275930072433 0.009680192723694483 0.008819389475624566
0 0.3187774615847013 0.4237885008579654 0.010745385386396165 0.007381272431796496
0 0.5463681879513467 0.6794644950744926 0.015092880174900243 0.013842993689278278
0 0.6908328541445284 0.388164512321901 0.014233389966277758 0.01442170523670628
0 0.42014566351356475 0.2417473035252483 0.009590990753491499 0.007747462191240891
0 0.6037955988950815 0.25686163707047516 0.010201638808769951 0.010118980857748525
0 0.5796171422636731 0.5687093000127407 0.01107946921354528 0.012923823719964435
0 0.6207069751705087 0.4045537648144734 0.009690697039273942 0.008562372592817488
0 0.44940471450625646 0.3139169813443355 0.008202980989221894 0.008355420633457669
0 0.38152656846374045 0.5089627013778951 0.010378687353617279 0.008999275879922797
0 0.6019649254125824 0.5132354164520623 0.017392012247354267 0.013989503477945003
0 0.5272556492886884 0.4236699884588068 0.010068555907356003 0.010059279919001561
0 0.6069531199172666 0.3385577761076292 0.012935471650546496 0.011767205391221374
0 0.575998659683217 0.45328396248536174 0.017420263773529666 0.014322041307035044
0 0.6984228786704111 0.2491184422574384 0.028039745619361553 0.024604029658765614
0 0.46990797372430165 0.5138961506088437 0.016201127824644345 0.014329834831497223
0 0.5758848911685136 0.607397075496888 0.010130014624718077 0.011474990580000868
0 0.6375183698454306 0.4512648890202116 0.013112986112617105 0.009105801499609645
0 0.22900781360125888 0.5231574625707516 0.01076779176922493 0.011909225432100103
0 0.41105451722843295 0.4323036887428977 0.008905668874154234 0.00852446387328678
0 0.6049516454163233 0.3871944514849714 0.011274137900654927 0.012524956220723455
0 0.4892562453238853 0.7467925834788124 0.019500923024375432 0.01957318255009542
0 0.6140401868006158 0.2695436709296116 0.011179810840995836 0.011843806418340128
0 0.8061876263906359 0.18286277882180887 0.02165879746595246 0.018510531254066185
0 0.4916479466773833 0.26210041032906295 0.010663278064820437 0.010517551864211052
0 0.48591638124295194 0.18141637056921192 0.009132062288558292 0.008910370402498265
0 0.3735574143864395 0.4940054242930257 0.013246153726253469 0.011816507904666897
0 0.39700516456535173 0.6378015416269084 0.012536773575750346 0.0113904054259195
0 0.6397241066926721 0.6633315394108366 0.011175956434875954 0.011379435193116759
0 0.41587309668578676 0.6182055503109277 0.011433947508240805 0.010861843514161173
0 0.6006477350662518 0.28040193535237573 0.011701553418849757 0.012042202443236033
0 0.5961511255882416 0.38326681164881155 0.016829523090518737 0.014064516150893476
0 0.45677863815275843 0.5323489081272228 0.01427934634693789 0.01356467168253383
0 0.5349084455713806 0.6902217401720268 0.015575909267110513 0.014109201848217384
0 0.43658875062348196 0.579214123865534 0.019406892457494794 0.019646331554150763
0 0.4434945968850299 0.5162750180606458 0.014158927922774981 0.016086130982715996
0 0.35800391150215777 0.19361107619085052 0.00901443936773508 0.008246692495988028
0 0.5863743397529385 0.3909528574788016 0.012347102909763185 0.01695392298913515
0 0.5227152647697454 0.49848098278376557 0.009970670934355481 0.008683595783093337
0 0.4112256570957668 0.5829230155653625 0.01122945220333102 0.01018105373872311
0 0.6817406913127276 0.6148234995432317 0.011164774421517176 0.009968722553239938
0 0.8143116979446782 0.24022864633595917 0.017007249333145385 0.015940150645439365
0 0.32323008424122246 0.24291069883178457 0.011681328375748179 0.010804260380974583
0 0.45861200124831925 0.6035564986473153 0.01616737000401197 0.01860254990566447
0 0.39952315066441485 0.21581277311220506 0.020007798607195523 0.015799041260951597
0 0.2913964276178109 0.5167713257937196 0.010593941110773768 0.010262292760019083
0 0.5964557930961571 0.4587580239417071 0.02265552147488723 0.019621299092427134
0 0.3060668055834164 0.5870096390649397 0.012542237514096114 0.0114084914854051
0 0.7934336930327246 0.3197671862462591 0.03252246229289556 0.03200656485838827
0 0.5349563503331562 0.273903491346477 0.014526748392500868 0.01250096148372441
0 0.43420052247110297 0.7612738414078764 0.025979925575229875 0.025094132221547535
0 0.4943902295633457 0.24292138316083664 0.014709515012361207 0.014377866661606523
0 0.6050476667204306 0.2384842204849063 0.01531609688096374 0.01625089625531315
0 0.5919594801109256 0.28961643322237157 0.012064206443008327 0.009802559528972936
0 0.3627036185334078 0.10807952774969097 0.008334115509520299 0.006816601935233779
0 0.6487399014559659 0.5871866664317315 0.02410803959652585 0.03121535270103227
0 0.26325899695539645 0.3000773856216662 0.017161113361396908 0.014040910932052016
0 0.3026257374453504 0.2800605682393568 0.01422586754290896 0.013244773229604913
0 0.2817774832876389 0.2964938979872 0.01275422607295289 0.011773131759648843
0 0.2744192759378584 0.2314963997308055 0.00981094313304067 0.010301490289692693
0 0.5960398299173554 0.4032669596793041 0.015811024057379632 0.01378396969104892
0 0.46874081571178633 0.48759242131866193 0.011756915324718129 0.01216232619798435
