0 0.68359375 0.4734375 0.0234375 0.021875
0 0.6546875 0.41796875 0.0203125 0.0203125
0 0.7875 0.42421875 0.0234375 0.021875
0 0.40625 0.8453125 0.028125 0.01875
0 0.478125 0.825 0.021875 0.0171875
0 0.4109375 0.91953125 0.0171875 0.0140625
0 0.453125 0.9359375 0.01875 0.0171875
0 0.41328125 0.95859375 0.01875 0.015625
0 0.50078125 0.97109375 0.015625 0.0140625
0 0.44765625 0.9640625 0.0125 0.0125
0 0.4359375 0.9875 0.01875 0.0125
0 0.37890625 0.99296875 0.0234375 0.0109375
0 0.01171875 0.021875 0.015625 0.015625
0 0.02890625 0.03359375 0.0125 0.0140625
0 0.06171875 0.10625 0.015625 0.0171875
0 0.01640625 0.125 0.0140625 0.0125
0 0.09609375 0.13984375 0.01875 0.0203125
0 0.0640625 0.15078125 0.01875 0.0125
0 0.0984375 0.06328125 0.0171875 0.0140625
0 0.10703125 0.178125 0.0171875 0.0171875
0 0.0453125 0.21484375 0.0125 0.0140625
0 0.0796875 0.21171875 0.0140625 0.0125
0 0.13984375 0.1125 0.0171875 0.0140625
0 0.0828125 0.1828125 0.0203125 0.01875
0 0.21796875 0.07265625 0.021875 0.021875
0 0.1609375 0.15703125 0.0234375 0.021875
0 0.21171875 0.1765625 0.01875 0.0140625
0 0.209375 0.19921875 0.0203125 0.025
0 0.13359375 0.175 0.0234375 0.021875
0 0.16328125 0.096875 0.025 0.0203125
0 0.225 0.1171875 0.0171875 0.0203125
0 0.196875 0.14609375 0.015625 0.021875
0 0.08515625 0.26328125 0.01875 0.0234375
0 0.01328125 0.29609375 0.0203125 0.01875
0 0.03671875 0.3203125 0.015625 0.015625
0 0.05703125 0.303125 0.015625 0.0125
0 0.10859375 0.2578125 0.015625 0.015625
0 0.0296875 0.34609375 0.01875 0.0140625
0 0.1078125 0.3125 0.015625 0.0125
0 0.09609375 0.2953125 0.0203125 0.021875
0 0.01953125 0.4078125 0.0140625 0.015625
0 0.1328125 0.4 0.01875 0.0171875
0 0.1125 0.42890625 0.01875 0.0140625
0 0.26484375 0.2671875 0.021875 0.021875
0 0.29375 0.30234375 0.0203125 0.0171875
0 0.3171875 0.27421875 0.0140625 0.0140625
0 0.2953125 0.2515625 0.015625 0.0140625
0 0.31328125 0.2375 0.0203125 0.0171875
0 0.2484375 0.23046875 0.025 0.015625
0 0.2546875 0.1953125 0.021875 0.0171875
0 0.2796875 0.209375 0.0171875 0.015625
0 0.28515625 0.1453125 0.0203125 0.015625
0 0.31875 0.11015625 0.0140625 0.0125
0 0.31875 0.00859375 0.015625 0.0125
0 0.3375 0.009375 0.0140625 0.0140625
0 0.35234375 0.08828125 0.021875 0.0140625
0 0.3109375 0.10546875 0.0078125 0.009375
0 0.3671875 0.21171875 0.028125 0.025
0 0.34140625 0.29296875 0.015625 0.0140625
0 0.3625 0.271875 0.0234375 0.021875
0 0.3921875 0.31171875 0.021875 0.01875
0 0.3703125 0.375 0.0234375 0.0234375
0 0.3546875 0.40078125 0.01875 0.0171875
0 0.3828125 0.41015625 0.0203125 0.015625
0 0.42578125 0.37734375 0.0171875 0.0125
0 0.3171875 0.4625 0.01875 0.0171875
0 0.28828125 0.48515625 0.0203125 0.0125
0 0.271875 0.5015625 0.021875 0.0171875
0 0.27734375 0.5171875 0.01875 0.0171875
0 0.19921875 0.51015625 0.0234375 0.0203125
0 0.17421875 0.5 0.0171875 0.0171875
0 0.178125 0.48203125 0.021875 0.015625
0 0.36953125 0.5015625 0.0203125 0.01875
0 0.4234375 0.49921875 0.0203125 0.0171875
0 0.40546875 0.49765625 0.015625 0.015625
0 0.4171875 0.51875 0.0171875 0.01875
0 0.37578125 0.546875 0.0171875 0.015625
0 0.34375 0.55390625 0.01875 0.0203125
0 0.2796875 0.55078125 0.0234375 0.021875
0 0.2609375 0.55703125 0.0140625 0.0140625
0 0.24375 0.5453125 0.0171875 0.0125
0 0.053125 0.59296875 0.01875 0.015625
0 0.0828125 0.64765625 0.0203125 0.015625
0 0.1265625 0.5296875 0.0203125 0.015625
0 0.1921875 0.5609375 0.0203125 0.01875
0 0.21484375 0.57421875 0.0140625 0.0171875
0 0.19609375 0.5875 0.0171875 0.015625
0 0.1875 0.6359375 0.0171875 0.0140625
0 0.22265625 0.61953125 0.01875 0.01875
0 0.21953125 0.6453125 0.0203125 0.0171875
0 0.21875 0.6890625 0.015625 0.01875
0 0.3125 0.6625 0.01875 0.0203125
0 0.28984375 0.76171875 0.01875 0.015625
0 0.00859375 0.31171875 0.015625 0.015625
0 0.35 0.571875 0.0203125 0.0109375
0 0.36171875 0.6 0.0171875 0.0109375
0 0.29609375 0.6953125 0.0171875 0.0171875
0 0.3265625 0.43984375 0.0203125 0.0171875
0 0.3546875 0.43125 0.01875 0.01875
0 0.440625 0.53203125 0.015625 0.0125
0 0.48046875 0.50546875 0.021875 0.0171875
0 0.475 0.47421875 0.0125 0.015625
0 0.4921875 0.528125 0.015625 0.0140625
0 0.51796875 0.51953125 0.0171875 0.01875
0 0.54296875 0.4953125 0.0203125 0.015625
0 0.5125 0.44765625 0.0203125 0.0171875
0 0.5140625 0.4125 0.0203125 0.0203125
0 0.5359375 0.4 0.0203125 0.015625
0 0.55390625 0.45703125 0.015625 0.015625
0 0.553125 0.5578125 0.0125 0.015625
0 0.46796875 0.63671875 0.0234375 0.0140625
0 0.42578125 0.62421875 0.025 0.0234375
0 0.44140625 0.6546875 0.0125 0.015625
0 0.43984375 0.71015625 0.0125 0.01875
0 0.4703125 0.71875 0.0203125 0.0171875
0 0.50078125 0.71171875 0.015625 0.0140625
0 0.49765625 0.6640625 0.0203125 0.01875
0 0.44609375 0.69375 0.021875 0.015625
0 0.434375 0.67578125 0.025 0.015625
0 0.4484375 0.3375 0.0203125 0.0171875
0 0.49375 0.32734375 0.0296875 0.0234375
0 0.428125 0.26953125 0.0234375 0.01875
0 0.4390625 0.253125 0.021875 0.015625
0 0.45078125 0.27265625 0.015625 0.015625
0 0.46484375 0.26484375 0.015625 0.01875
0 0.48125 0.2734375 0.015625 0.01875
0 0.50546875 0.29375 0.0171875 0.0140625
0 0.5265625 0.34375 0.015625 0.015625
0 0.55078125 0.36171875 0.015625 0.0125
0 0.46171875 0.21484375 0.01875 0.0171875
0 0.46328125 0.19296875 0.01875 0.025
0 0.49140625 0.17109375 0.0203125 0.0140625
0 0.41171875 0.1 0.015625 0.0125
0 0.41875 0.08125 0.025 0.0296875
0 0.40546875 0.06484375 0.0140625 0.015625
0 0.3796875 0.05234375 0.0296875 0.028125
0 0.384375 0.03203125 0.0203125 0.015625
0 0.3953125 0.009375 0.0265625 0.0171875
0 0.4296875 0.0421875 0.0234375 0.015625
0 0.45703125 0.0390625 0.03125 0.0234375
0 0.496875 0.03828125 0.025 0.0296875
0 0.52265625 0.06875 0.015625 0.0140625
0 0.53359375 0.0375 0.0171875 0.015625
0 0.55859375 0.02578125 0.0171875 0.01875
0 0.55 0.0796875 0.0234375 0.01875
0 0.49296875 0.075 0.015625 0.0125
0 0.53671875 0.1234375 0.0265625 0.025
0 0.56015625 0.1015625 0.0203125 0.021875
0 0.58671875 0.09609375 0.021875 0.0203125
0 0.51171875 0.1296875 0.0203125 0.0203125
0 0.5953125 0.0359375 0.01875 0.01875
0 0.50234375 0.01171875 0.01875 0.015625
0 0.50703125 0.253125 0.0234375 0.0265625
0 0.54296875 0.265625 0.0171875 0.01875
0 0.57734375 0.24296875 0.021875 0.0171875
0 0.54765625 0.2125 0.01875 0.01875
0 0.5921875 0.19921875 0.021875 0.015625
0 0.56796875 0.19296875 0.0140625 0.0125
0 0.63984375 0.01171875 0.03125 0.0203125
0 0.64921875 0.096875 0.0203125 0.0171875
0 0.6546875 0.05078125 0.028125 0.025
0 0.61171875 0.165625 0.0234375 0.021875
0 0.59453125 0.215625 0.0203125 0.0125
0 0.6109375 0.225 0.01875 0.0140625
0 0.628125 0.23203125 0.015625 0.0140625
0 0.6640625 0.21953125 0.0171875 0.0171875
0 0.6546875 0.203125 0.015625 0.015625
0 0.68125 0.1828125 0.0265625 0.021875
0 0.6796875 0.15703125 0.0171875 0.015625
0 0.678125 0.1328125 0.0234375 0.01875
0 0.65390625 0.1265625 0.015625 0.0171875
0 0.6703125 0.109375 0.01875 0.015625
0 0.68828125 0.0828125 0.028125 0.0390625
0 0.5640625 0.06484375 0.0234375 0.0125
0 0.40546875 0.2875 0.0203125 0.01875
0 0.62421875 0.26171875 0.0125 0.0125
0 0.60703125 0.253125 0.0234375 0.015625
0 0.59140625 0.27734375 0.0203125 0.01875
0 0.63671875 0.2859375 0.0203125 0.021875
0 0.66015625 0.296875 0.0234375 0.0140625
0 0.6875 0.26171875 0.0125 0.0109375
0 0.71015625 0.2640625 0.0140625 0.0109375
0 0.7265625 0.24296875 0.01875 0.0171875
0 0.7296875 0.2046875 0.015625 0.0125
0 0.6984375 0.27890625 0.015625 0.0171875
0 0.7171875 0.2859375 0.009375 0.0125
0 0.70390625 0.3015625 0.0171875 0.015625
0 0.73125 0.303125 0.0171875 0.015625
0 0.71328125 0.3453125 0.0234375 0.01875
0 0.65859375 0.3859375 0.015625 0.015625
0 0.6875 0.3890625 0.021875 0.0203125
0 0.703125 0.3703125 0.0140625 0.0078125
0 0.69296875 0.4171875 0.01875 0.0171875
0 0.73046875 0.43515625 0.0171875 0.0203125
0 0.646875 0.46953125 0.0265625 0.0203125
0 0.621875 0.4765625 0.0203125 0.0171875
0 0.57421875 0.496875 0.0171875 0.015625
0 0.584375 0.5046875 0.0171875 0.01875
0 0.565625 0.51484375 0.01875 0.0140625
0 0.546875 0.525 0.015625 0.01875
0 0.6078125 0.5453125 0.015625 0.0140625
0 0.62890625 0.49453125 0.015625 0.0125
0 0.66953125 0.5046875 0.0140625 0.015625
0 0.671875 0.5328125 0.03125 0.025
0 0.68671875 0.52421875 0.028125 0.021875
0 0.65234375 0.56796875 0.021875 0.01875
0 0.64609375 0.57734375 0.01875 0.0109375
0 0.68046875 0.58828125 0.0203125 0.0203125
0 0.721875 0.57421875 0.0390625 0.0296875
0 0.77421875 0.54296875 0.028125 0.025
0 0.7828125 0.56640625 0.0203125 0.0171875
0 0.821875 0.56171875 0.0171875 0.0171875
0 0.753125 0.5859375 0.0203125 0.015625
0 0.73359375 0.61640625 0.0390625 0.034375
0 0.62890625 0.61015625 0.03125 0.021875
0 0.65390625 0.6296875 0.034375 0.0234375
0 0.68125 0.65 0.015625 0.0171875
0 0.69765625 0.6515625 0.0171875 0.0171875
0 0.64453125 0.6734375 0.028125 0.025
0 0.6015625 0.70078125 0.0171875 0.0125
0 0.6328125 0.70234375 0.01875 0.0140625
0 0.61953125 0.70546875 0.015625 0.0234375
0 0.76171875 0.640625 0.0296875 0.021875
0 0.85859375 0.66953125 0.0203125 0.0203125
0 0.91171875 0.64140625 0.025 0.01875
0 0.89765625 0.5890625 0.0265625 0.0234375
0 0.934375 0.5828125 0.021875 0.01875
0 0.90078125 0.52578125 0.0234375 0.01875
0 0.41796875 0.46875 0.015625 0.0140625
0 0.403125 0.45078125 0.01875 0.015625
0 0.78984375 0.44765625 0.028125 0.0171875
0 0.82109375 0.446875 0.0171875 0.01875
0 0.84921875 0.45234375 0.01875 0.0171875
0 0.83125 0.46484375 0.0171875 0.015625
0 0.875 0.490625 0.015625 0.0203125
0 0.8921875 0.4765625 0.03125 0.025
0 0.91484375 0.4921875 0.015625 0.0171875
0 0.92890625 0.4984375 0.021875 0.0203125
0 0.9625 0.5265625 0.021875 0.0203125
0 0.93671875 0.540625 0.01875 0.0171875
0 0.95625 0.54609375 0.025 0.015625
0 0.97265625 0.4640625 0.0171875 0.0171875
0 0.9296875 0.45859375 0.021875 0.015625
0 0.9359375 0.4453125 0.015625 0.0140625
0 0.96484375 0.4421875 0.0265625 0.0125
0 0.95859375 0.43203125 0.0109375 0.009375
0 0.934375 0.41953125 0.01875 0.0125
0 0.9375 0.3875 0.025 0.01875
0 0.94453125 0.4015625 0.0171875 0.0234375
0 0.80703125 0.4015625 0.0203125 0.0140625
0 0.85703125 0.37734375 0.0171875 0.0125
0 0.80546875 0.3734375 0.01875 0.0140625
0 0.7765625 0.3375 0.01875 0.0171875
0 0.8203125 0.3453125 0.01875 0.0203125
0 0.85625 0.3421875 0.0140625 0.015625
0 0.89453125 0.34921875 0.015625 0.021875
0 0.91015625 0.34921875 0.01875 0.021875
0 0.96015625 0.37578125 0.015625 0.0125
0 0.96484375 0.353125 0.0125 0.015625
0 0.95390625 0.3234375 0.0171875 0.01875
0 0.94375 0.30859375 0.0140625 0.0171875
0 0.89609375 0.3140625 0.021875 0.01875
0 0.8796875 0.31796875 0.0171875 0.0171875
0 0.859375 0.325 0.01875 0.021875
0 0.80390625 0.31875 0.0125 0.0125
0 0.8125 0.31484375 0.0171875 0.01875
0 0.9171875 0.278125 0.0265625 0.03125
0 0.83828125 0.24609375 0.0203125 0.021875
0 0.7765625 0.21015625 0.0203125 0.0140625
0 0.759375 0.18359375 0.0109375 0.0140625
0 0.775 0.17578125 0.0125 0.0109375
0 0.7921875 0.17578125 0.0109375 0.0140625
0 0.80703125 0.1828125 0.00625 0.0125
0 0.81640625 0.1875 0.0109375 0.0125
0 0.715625 0.14609375 0.0234375 0.03125
0 0.79375 0.07109375 0.0171875 0.0234375
0 0.8140625 0.07421875 0.015625 0.0203125
0 0.91328125 0.0546875 0.0296875 0.0171875
0 0.9 0.22578125 0.0203125 0.028125
0 0.915625 0.196875 0.028125 0.01875
0 0.96171875 0.146875 0.021875 0.0265625
0 0.86953125 0.0125 0.0234375 0.015625
0 0.7953125 0.0296875 0.0265625 0.015625
0 0.81875 0.03203125 0.015625 0.0109375
0 0.83359375 0.0421875 0.0203125 0.015625
0 0.928125 0.07265625 0.0140625 0.0125
0 0.84453125 0.0625 0.0140625 0.0234375
0 0.88671875 0.0609375 0.01875 0.0171875
0 0.45234375 0.53515625 0.0109375 0.0078125
0 0.18125 0.33671875 0.0234375 0.0234375
0 0.23046875 0.3046875 0.028125 0.0234375
0 0.15703125 0.35234375 0.025 0.0234375
0 0.3375 0.40546875 0.021875 0.0203125