0 0.2151041970828575 0.5283819221842988 0.07268719340479651 0.06643585509240033
0 0.5366476403254342 0.3385811570210842 0.010255629834146594 0.011467140510364756
0 0.6940245095017477 0.5546392058481278 0.02005123167999031 0.017596036756817552
0 0.6754332887769934 0.3941753129758444 0.01159451675837486 0.010959088736330289
0 0.5902374706923105 0.40771511411614064 0.012942562335617388 0.011897867568175525
0 0.39744534075326166 0.4516929212466691 0.019733720443573504 0.017383968315251245
0 0.6780560431158291 0.5513742305379636 0.009723853431270763 0.008467597158776301
0 0.3738474122445581 0.45240101016901124 0.011517631387129705 0.011225433180630538
0 0.5538101111799643 0.36397549955551806 0.010138358520642996 0.009776811399069074
0 0.7776381787271595 0.44502187329669335 0.015443584319629016 0.013883267526214702
0 0.5437281408975291 0.37219942923004046 0.010401999303536821 0.009234321737870293
0 0.7207587528334372 0.3398023670825979 0.015630542505883166 0.014676386599788899
0 0.7081427252041805 0.602200868253824 0.0131343871124031 0.012652391875173034
0 0.4768641779193054 0.3244659829377336 0.014763174130935077 0.012207673369584025
0 0.6788333457701757 0.4812901730289227 0.01364835314576412 0.012421195029156284
0 0.6421815992589804 0.4979069436243338 0.009425166437396179 0.008484190880658223
0 0.2840711608413578 0.5382571468585616 0.012904457607670611 0.012340794898082782
0 0.4515239255108839 0.2814007291234081 0.00850747616452104 0.0084979457580634
0 0.584656572817172 0.37556814064879224 0.010405176105689369 0.011098462481831394
0 0.5822011751193936 0.2610135759626116 0.010058431530315614 0.010379136466768756
0 0.5349996742088005 0.38045014205037025 0.010510213351328903 0.009521078825789037
0 0.3820836773742473 0.35535277982354824 0.009260750028118079 0.008916168381869462
0 0.7399995282110846 0.615176313871297 0.015170717292185769 0.015136042834648396
0 0.4362276400442535 0.44833081690047927 0.011369741108198366 0.010500649149103682
0 0.4846806489219961 0.3447631126226381 0.01715797601744186 0.017826692870553017
0 0.7955252646343786 0.46920446858453596 0.015273388834094685 0.014390474406059664
0 0.4585168105555267 0.40315260100338285 0.010516431772563676 0.00951678676330634
0 0.4894141517208265 0.4633533735475931 0.01553942911648671 0.016571518062621124
0 0.5103659730152962 0.3377397944892892 0.010301828648428848 0.009828147170023534
0 0.8525264566786924 0.5374896280789295 0.014705687530281007 0.014974938410593162
0 0.6084455825957744 0.26144791071861156 0.008597846047030731 0.008206558649986156
0 0.5885406189978717 0.41916981778403584 0.011429796187188538 0.010122508305647841
0 0.572196783021439 0.35326161601086653 0.009530474049176356 0.009321616205530178
0 0.6566568672458991 0.5321324074915212 0.014769629122542916 0.012820086473906422
0 0.5048475128207623 0.45920531483055615 0.014467528756142718 0.013243784012060493
0 0.4405413149203177 0.47657951616897665 0.016408385892511073 0.016788824848162374
0 0.5237380119653239 0.2975543625198989 0.011321987688607421 0.011219586512839146
0 0.4680906276766248 0.47731947450014706 0.011829633913430924 0.011773059798501522
0 0.5730234950879879 0.32513329726649015 0.009275924327761628 0.008602171905281007
0 0.5157189184381057 0.3233952485313711 0.012196351787444628 0.011615267359669158
0 0.6533598535480689 0.4851717521185891 0.01181135040316999 0.010741410197345655
0 0.41063750173034325 0.445681127334882 0.011823787245639534 0.010795551017009275
0 0.4429020337752198 0.5067947235614358 0.011390491709492663 0.010762701530921234
0 0.6476961898381264 0.33035269871370604 0.009569812322639811 0.00953213004178779
0 0.5867861455197086 0.45610573600693 0.008981765966742801 0.008519946802758168
0 0.4473417668643584 0.5167475095222954 0.012403587434246953 0.011879381283309108
0 0.4173266980075097 0.45995586813486294 0.01202879237178156 0.01214599609375
0 0.7264953816055856 0.594377181854755 0.012151741374238648 0.011817704007475083
0 0.5519679376849304 0.25531114850725445 0.007240371450633306 0.007305512792644311
0 0.724559526242819 0.6099090407193037 0.009067607216396732 0.009424963662790697
0 0.5120024992646041 0.4339128327396093 0.010526908460513566 0.011261865018082087
0 0.595877206998806 0.4498046165288881 0.00874560114289175 0.00770675304324128
0 0.8146603606468023 0.5628618681813659 0.015283933113579735 0.014655095266213317
0 0.516414029785697 0.5116033712494809 0.010264112571809246 0.009732640330841638
0 0.6979354909092088 0.4144110695468231 0.00927281511714424 0.009304718321740032
0 0.45882499416009137 0.4172469399960202 0.011498469186911685 0.012833672372473699
0 0.5547221406617697 0.4004449179006177 0.008672399510312845 0.007876137430353682
0 0.5566860127158603 0.324433015166459 0.008632385321497784 0.008826373027408638
0 0.5150661362894086 0.22290337310148897 0.008278982979910714 0.0074984190339925936
0 0.500957805848993 0.4452377268642286 0.01931326729910714 0.015961436866261766
0 0.4628388667819508 0.367486237687526 0.016093848683641335 0.01628357812283707
0 0.4843188483321653 0.2761602306682802 0.007664170376090116 0.007445663840799765
0 0.3815419819135866 0.4225779350677862 0.008964597716812015 0.008942461489046927
0 0.49652723141286853 0.39477361634720204 0.007056184517320736 0.006938845612281977
0 0.4590683405845532 0.518065443070624 0.011000894100827104 0.010472598662012042
0 0.8219156698267063 0.6432287611174556 0.011072507332329734 0.009609083004568105
0 0.7432163445524467 0.5374195525548519 0.008900385758409467 0.00853329613095238
0 0.7498743473361364 0.6720291087001661 0.010384493095930232 0.009880530609772979
0 0.5323399641981157 0.40116500432045094 0.008435660158412928 0.008031327595082363
0 0.5081184530839044 0.3640351828810649 0.00903414940649225 0.008878857854460827
0 0.5934195449846 0.42941850258794473 0.007332059368078627 0.007209008978318799
0 0.5952421845259724 0.32850663870540037 0.009490730226501938 0.009493264909070459
0 0.43724120890975393 0.3897320482289936 0.009441219426996815 0.008532417440995293
0 0.4774623968012442 0.3716695284922653 0.015274504094424836 0.012000877067760245
0 0.4544303277270211 0.3526765267846328 0.014204834254741141 0.012211526087088179
0 0.3887781964848076 0.48056004926611817 0.009273491032495846 0.008794571210115587
0 0.452158255170482 0.3682550407063261 0.010345661758980482 0.01144175988891196
0 0.5376647408486469 0.4635292805178485 0.009451662319179125 0.010132207690943383
0 0.4745734163032945 0.43259691003945183 0.010801803234011628 0.009691206719788206
0 0.47872529394206814 0.43940621647459854 0.014304734543708472 0.01376447540316999
0 0.41842724028087797 0.4394908579745035 0.008864460857471623 0.007937713318884966
0 0.5695781010725965 0.47317368009953803 0.008904948187032807 0.0076110434294539035
0 0.45629269419318413 0.3206367703899329 0.012719476473819907 0.010636812296684664
0 0.5533851969941773 0.295689005128305 0.0073343236845065055 0.0062443087927394805
0 0.5607894103260399 0.44436855041571505 0.008601191828021179 0.007690091729824198
0 0.5648505125330928 0.451051494475879 0.008457965365015918 0.008242990487437707
0 0.5836381035653723 0.22963571812491348 0.009175145348837208 0.00875739586577727
0 0.5861938408970965 0.30809848992399463 0.006695955430682447 0.006693150381973284
0 0.5794131256813227 0.4470035895160662 0.008697070420646456 0.007804760769224114
0 0.7051762003175179 0.5640328070386039 0.0099464999480897 0.00916480384395764
0 0.4825056547078315 0.4191601690923917 0.008722417246331672 0.008794706393185909
0 0.567180544831032 0.26272006789975255 0.006436133569525194 0.00630193057646387
0 0.35687786452926007 0.4492005678770418 0.0073854566808554825 0.006995183156838318
0 0.5079094093635365 0.5070223549539729 0.006372766505312154 0.005479578163932724
0 0.7147335420019206 0.348790233185389 0.006941177520245016 0.006734820563399778
0 0.549110505536017 0.46019972149583854 0.008335421911769794 0.007884451189178432
0 0.6012923704297307 0.4363554218414746 0.0075474735906353825 0.006490375776491556
0 0.43457691957256195 0.5249053684711984 0.010776828161769794 0.010912011232090948
0 0.5835022783754672 0.3904515939165455 0.00733834538084856 0.007064667254983389
0 0.5288103849256817 0.4622805438036407 0.00873384021577381 0.008641780544885104
0 0.5301157126527029 0.4542860535952208 0.011531453856070045 0.010195980304367388
0 0.5811327219273429 0.4292510783553519 0.006851686327692414 0.0067856156020729514
0 0.5772669930526716 0.33394128539633516 0.006350765460617387 0.006434443781146179
0 0.4468065601910732 0.38969865801062425 0.008601664968767303 0.008205409593888427
0 0.4365895082256195 0.48442802555933345 0.01271768529813815 0.012448130255917773
0 0.5801149623866625 0.24769401339069422 0.00896507085755814 0.007216207476813399
0 0.44887286721669956 0.30820859653477123 0.006826440889309939 0.006416701003166529
0 0.5259611651482904 0.2451821514142312 0.009208738341812015 0.008909324738934457
0 0.5095223799628408 0.4720153301657236 0.009455210874775055 0.009226210753651026
0 0.48866114822337 0.4492998260464251 0.006211188940510797 0.006906908611918604
0 0.3628563527120968 0.4786287901277426 0.011642675727176774 0.010899844755762042
0 0.4328766714034814 0.4364424966366452 0.005211848093161683 0.005463153420888704
0 0.7016318016010001 0.5721798175461136 0.007359569122888981 0.0076800881826204325
0 0.5137953478368547 0.28326132131177323 0.007503302522407946 0.006916371426841085
0 0.5067702554257077 0.4043862141115985 0.00793818645963109 0.007275248682776163
0 0.39587306025812397 0.3382912062331292 0.007796987742680648 0.007212625125449889
0 0.4061520598655523 0.48669180125493144 0.008440019812430786 0.00788529608336794
0 0.49933740018082085 0.26170488528635016 0.007939707269172203 0.007364756773212556
0 0.5580693410744568 0.46786717006138395 0.007607359690787652 0.00727727642883098
0 0.5190989176432291 0.4573877784500882 0.005812162312690338 0.0061795223062880685
0 0.4495016712682983 0.2998227513377717 0.006484224946791943 0.005434325631142718
0 0.7640030059307517 0.5300986964837261 0.009177037911821706 0.008364689046494324
0 0.4122397252755572 0.33422380111542255 0.0070612200866902 0.006644214110517027
0 0.7161475231217123 0.5207528994064922 0.005362712399640089 0.005223338654138981
0 0.4671027604923693 0.5253486844524328 0.008013787591708194 0.00706365338195598
0 0.5543949131421737 0.3369684060942691 0.00608712467772356 0.005324725956879845
0 0.541906447637649 0.3306641267119584 0.006482298588039868 0.006459756811063816
0 0.4716339111328125 0.4196118833218699 0.006598589824283637 0.007554469314524501
0 0.517024296858778 0.40358366601886936 0.009086566642009275 0.008468442052965808
0 0.46036400272204636 0.2999626151219027 0.007637742085842332 0.007165581416978129
0 0.5419247818415611 0.43935060553904526 0.008015308401249307 0.00760833976804748
0 0.4841393590105465 0.3882080956814957 0.008547862106779484 0.007156659334336932
0 0.4587235392658154 0.4945833495553017 0.007340981450719824 0.006637961893514673
0 0.7847463061078124 0.6287048689146365 0.020993932041513945 0.022205120428524336
0 0.7891873301935172 0.6337514871938466 0.03552819268563901 0.03552819268563901
0 0.5101106706670749 0.4897020448844408 0.011719804904878992 0.012123936108495503
0 0.49091443849529043 0.5032404402055941 0.012123936108495567 0.010103280090412949
