0 0.746042638902339 0.41797193720366016 0.03523255891973575 0.03466985265986663
0 0.42023322473788166 0.6735390396681818 0.04095730807134015 0.03386739926556272
0 0.4833812774185177 0.4057637627134904 0.04681098041636878 0.04229287315862916
0 0.33130186438811543 0.442198071635558 0.04073376482377703 0.03869561361371773
0 0.12124581174017687 0.5309703091037146 0.049983254202606006 0.04995502620615331
0 0.5276773289066008 0.6895813942980501 0.054555099441346976 0.052803572141396395
0 0.1257668130208734 0.2997076399035697 0.06171999075242918 0.06057573487987885
0 0.46516427181364967 0.5621423697359315 0.029298823451974224 0.029746876820788016
0 0.4255122184100787 0.5768116779286043 0.036435055804350906 0.03608540514140638
0 0.9813086641985203 0.6303959781527507 0.0341022401533419 0.03441653687654683
0 0.8877726970901995 0.453494086655068 0.02692580775659639 0.024919337171749587
0 0.10358664493205214 0.43522114301083203 0.02776703496334964 0.027521719134308613
0 0.6550388028368476 0.4102439503898358 0.021583750896607037 0.021626198253636392
0 0.5962185224935488 0.5280215028797478 0.027909883276920917 0.026354793277228433
0 0.7414787376371605 0.22894620860538 0.012045186806437697 0.012805822967635936
0 0.6307441267352814 0.5108220223974677 0.01845448239672833 0.01914242839577205
0 0.9446743940921505 0.20475046936868407 0.01897071431603294 0.018702288427071372
0 0.5564966328854896 0.5082400669506631 0.024042052687791658 0.02275824216638941
0 0.41262197140858353 0.9264929143818456 0.033357646372606 0.03215946592185322
0 0.38604108205446774 0.6015432463362098 0.02925872449740683 0.028721199223763764
0 0.16496402128705837 0.5033897393389622 0.03681333384130349 0.031186347386010515
0 0.39895249052106224 0.41068434337070514 0.024589083299932066 0.02364945222947936
0 0.3040141719906984 0.987717102582669 0.024550736568589464 0.022354940769453983
0 0.6563933724794144 0.5486630115076921 0.018131534177758656 0.017564138487313308
0 0.7711805387342366 0.4791422506800248 0.02251108134172863 0.021738974210972664
0 0.8034936578852628 0.4945566797095701 0.016859824475764142 0.01771618193323451
0 0.6911048808659774 0.47583909248003026 0.023837649109299378 0.021754559760565655
0 0.3532927544599834 0.6179504107784125 0.021397813055176042 0.02129350411925101
0 0.9154831638854987 0.34383685851527135 0.020444603620888267 0.01775612412093602
0 0.4810945250203605 0.5863267908949468 0.023068355720413988 0.022486237217540363
0 0.801228066952205 0.439670446335116 0.01739216337009666 0.017444345659164605
0 0.17315627140177758 0.8583157156399789 0.03394403461410331 0.032593027574167245
0 0.7748823461728168 0.29174572647228825 0.01857996853690394 0.017621066225274706
0 0.7934862729926597 0.23711445346025048 0.015122360361979269 0.01399457534113747
0 0.8431576230371024 0.18492851775764893 0.019651587825267203 0.01789302057169001
0 0.049316252280208736 0.8982564190034327 0.03929806219141205 0.0414534462527367
0 0.7647275386531276 0.5115752564912172 0.020635595952390774 0.01915760912589509
0 0.923279243068412 0.5911772028440372 0.01819144673340641 0.016373868040799468
0 0.981509158971357 0.5950687661436008 0.018744273160828825 0.018471305184510355
0 0.47558108725034615 0.44819596123969324 0.029185097425365018 0.026699024766507328
0 0.9637287433705668 0.38970698639000545 0.025161049396425307 0.023887654752587775
0 0.3679070880248742 0.4523952379388506 0.029707967574963558 0.031250781151643856
0 0.9268610906092946 0.6952294355427607 0.02969539874298571 0.02681942482386095
0 0.18001668865510154 0.4607704130127761 0.023525332167780136 0.01803308810829193
0 0.9704945826905026 0.5461576175431414 0.02050923370060277 0.020769903869829444
0 0.5380156312641862 0.49565827782468747 0.0149471380394999 0.015704465312285053
0 0.25205155420363473 0.6738535506613754 0.03234283955264663 0.031004718383827293
0 0.2574695126561981 0.7747699168060603 0.021028666796952675 0.019456703244274808
0 0.4045847425043579 0.6284565218071869 0.026173093095145577 0.02610039797532211
0 0.2649770310009284 0.974394460091733 0.022952473111374265 0.021211123357116647
0 0.6810714485012058 0.6172865405826541 0.026518820216037572 0.027430499813747056
0 0.9668242815733682 0.47303467186701154 0.02887866054062898 0.02583999785127823
0 0.32403032333652415 0.5443039491902507 0.0320240360155356 0.030627662782526807
0 0.8797388546943216 0.38990767564223194 0.020876391859398005 0.01895310782365982
0 0.09372351518609025 0.8362869581584352 0.028343432162805573 0.028424264142557096
0 0.10484481281273005 0.9307109645839218 0.02781880136583212 0.02693790198873232
0 0.9676096145440806 0.4405136009536275 0.02660144428040669 0.02521461924012063
0 0.7270846282046858 0.599497491144829 0.024558621573101038 0.023764859513370293
0 0.5133140687118625 0.4421456475141997 0.017242617857180616 0.017290784140231094
0 0.8640211090985176 0.7203913945168323 0.028476255737735007 0.026915232098415245
0 0.8288023657849775 0.585736935192277 0.02220235308816017 0.02018558069991571
0 0.31086381475601993 0.28220311108320617 0.027208522234596758 0.025728065267837677
0 0.5251367400170517 0.5166214661239391 0.017712045198422944 0.017411082992717233
0 0.1522404334594464 0.47804082123968644 0.03215664056256194 0.030781527916062777
0 0.13103279138113624 0.42047736490316673 0.035473927668951084 0.03273096980855194
0 0.6464692855831901 0.8330239782908331 0.03557633163780008 0.03415556325825385
0 0.8893855174788206 0.6883193358655322 0.029563645035121412 0.02748231670590037
0 0.1792299656996195 0.38334120022507717 0.025007325505050134 0.02168739346351016
0 0.6934137045374471 0.5711908270582916 0.0179127084542623 0.017064557526441967
0 0.22627531439645454 0.5215458419636846 0.03590371095973245 0.03628528475469307
0 0.19818437928517177 0.4824937004692883 0.022709672256638662 0.020047064971281926
0 0.33808948856025933 0.7630215160288839 0.029552188190959304 0.028891830630346733
0 0.3281863777978318 0.5773191191341838 0.02868109737203349 0.026374055937006778
0 0.8671492656105808 0.4045858223933321 0.01776039982010716 0.018416519616244097
0 0.08532513033002928 0.912954233233781 0.023849830430371744 0.02091135453962035
0 0.2788128635808535 0.6253528384010094 0.028130309588939924 0.02539155908344362
0 0.7787242640761793 0.6277467046015894 0.023696123387296812 0.02450574661328631
0 0.31572822230425057 0.3983132459113593 0.018257492070340945 0.018436490710094847
0 0.7056907239551651 0.43315276853156776 0.01839564813229583 0.017807300048928578
0 0.7249311121648139 0.5251888798436559 0.022450225281267524 0.020339580773274996
0 0.2742848828917832 0.4675877415614752 0.014706224194391002 0.014438021335509385
0 0.6724041774095652 0.3816471319482134 0.014684911094589423 0.012232497393322451
0 0.4441472303438615 0.4060534616466717 0.012829744755339082 0.014724835929967359
0 0.8653246957845634 0.5274104278898617 0.019022337507963397 0.020764911096366752
0 0.14075597493324293 0.7494417794395754 0.031300376247845915 0.02880641372218776
0 0.07721165444307473 0.5024090304380581 0.018173975046059186 0.014316103205143458
0 0.5503143007477105 0.5514698441700527 0.01629314874554576 0.014809375729274777
0 0.7862247903763108 0.509733715854947 0.013303013509035767 0.013547317296756874
0 0.7177654626802209 0.49392885531411496 0.014873746843661424 0.015397612154064669
0 0.7409907771656559 0.46947062438611376 0.01697533642219862 0.015360739847343596
0 0.16413608738919325 0.811221784772637 0.017571917885340165 0.017643584308290546
0 0.36477854400190574 0.5678173146079158 0.01563670527165718 0.015987771471336815
0 0.16687798819414076 0.8954863743104035 0.022189480986778032 0.021243239035065833
0 0.8551351470697827 0.5958311761453357 0.018507520845878814 0.017804297637859803
0 0.8495051864553194 0.4169521632239059 0.029709483921985014 0.029760067188517144
0 0.23009353516553188 0.44171002802958015 0.018363164609436194 0.017744047006749242
0 0.9341391519530782 0.5384680211090503 0.012088116275445142 0.013379823241066
0 0.586464536295503 0.5749007416887126 0.036104715018044235 0.025682550219937473
0 0.8964425699345897 0.3393791981929397 0.017110557841601415 0.01831141569145003
0 0.26283566296390715 0.4263525158190398 0.0235594680901775 0.02858943611181226
0 0.2788989366617555 0.4099135900547478 0.029984777569316837 0.031448379722993476
0 0.46425210107555615 0.5023953756827532 0.02699200149359953 0.02296931650232158
0 0.48213430206506586 0.5223246355891792 0.01687000093349969 0.014186930780845625
0 0.4635098210344823 0.6189646569320352 0.020783841150071626 0.021550623424236904
0 0.9363573712443947 0.40042709534491905 0.024013782901833813 0.021442077083859194
0 0.8170284720118071 0.7909902161057951 0.019704626091036077 0.023927045967686713
