0 0.2930264467692507 0.787966162757536 0.03840237612223757 0.038070138576811394
0 0.19473978959394425 0.11315571945325464 0.04350961927550932 0.042868436965267216
0 0.2840405374600743 0.7316009724034672 0.03962736182449931 0.03915033931225802
0 0.02639403685680411 0.2985144083478809 0.035545981391358776 0.029765171287334073
0 0.22681633543573032 0.3721013870914425 0.050109323743957185 0.053811368689072867
0 0.8030295356202521 0.42762798545634856 0.08198329862310083 0.08049973344380877
0 0.3426483322902279 0.8446668439206825 0.029079036818024866 0.027132895140521297
0 0.14617260253231829 0.3318100988337424 0.03438067357184479 0.029285059565991426
0 0.7685719526933702 0.8609378780938882 0.03041493115504144 0.028077927310909846
0 0.7508712515646582 0.14524376286869556 0.029789539990504144 0.02847818357754598
0 0.8742838654070271 0.3960198258931658 0.041278177335117405 0.04159134046166344
0 0.27230575308615335 0.8459091186523439 0.030607950621546965 0.027510921512029867
0 0.3422479113162552 0.5768638036947334 0.028985258492316993 0.02772977710825152
0 0.40077465752870345 0.5732688059849022 0.03167026583002417 0.025476472567668006
0 0.16446389045504575 0.6823147123893805 0.037442724744259324 0.03316166970582135
0 0.23144284243083132 0.4167453630835609 0.020145327741928523 0.01693850491954162
0 0.8665787333282977 0.1750672770812448 0.04431482810341851 0.04439267858994746
0 0.24408558376586242 0.5505669011478931 0.025384639508157808 0.025755046743207274
0 0.15288793237169804 0.23581356284892668 0.018593416161300072 0.019057957471999447
0 0.9220719648329593 0.6269343890975007 0.0351012846382942 0.034593632790894634
0 0.11983204625588098 0.782746779180206 0.018810419746525385 0.01837279733303374
0 0.7759164715340124 0.1054470855577857 0.03562996374309393 0.03338886362261477
0 0.6740370608166437 0.667525536191147 0.027277117144337018 0.026408305210349835
0 0.23140042131118355 0.4751064840671236 0.024071102247712365 0.01977312881334693
0 0.28386140264858856 0.11295475579996025 0.023826624411904352 0.02058380261986657
0 0.6354737002546617 0.7759345063066061 0.01529507294544199 0.014491596053131913
0 0.1492735046049508 0.9796655705544802 0.019416345417170237 0.0157012939453125
0 0.3868354586606527 0.17662266925372908 0.020583077952348067 0.02120477119378284
0 0.7364034241734291 0.8914648072909465 0.023642591613432323 0.02126865893338634
0 0.04036848584591354 0.7705128087406665 0.021283350991939315 0.019909073821211286
0 0.44317377417127074 0.2150912917820753 0.033236711196477906 0.027099896321254497
0 0.8993611204031424 0.8620756706305309 0.01978631625517956 0.0211705570727323
0 0.7674660024063366 0.6214265063800642 0.032151229605490335 0.032087950579887996
0 0.016542780860352914 0.5090180287318947 0.019849644444924035 0.021428167292502076
0 0.7995597375690608 0.6784372920483615 0.026745942679558012 0.0238840558887583
0 0.08615199557984074 0.9401530375522851 0.020318106129683187 0.022310712696176713
0 0.7798283866755871 0.0627407753362065 0.022756469052140887 0.02111976336588902
0 0.9652321156875865 0.2923500938753111 0.022094794004661605 0.023094244762859515
0 0.7892312402883288 0.039194864509379965 0.02427634560600829 0.021401814654865094
0 0.4568103769207528 0.6318886343356782 0.022300290271063537 0.017795191401928926
0 0.15016918287751424 0.3973688446314989 0.01949849840027193 0.019033178818964328
0 0.2751225929892524 0.5035135218527466 0.013333450233080113 0.013743679080389242
0 0.6961037988820787 0.7683421447213772 0.01894801018646409 0.019643867965293143
0 0.6520893244453557 0.5525128018539563 0.016671230252935085 0.018410370413181002
0 0.2963426790184738 0.22400798628815508 0.01947709394423343 0.01705257449529867
0 0.6716596571780042 0.8437094561821592 0.023256889891229288 0.02273309758279176
0 0.7883305839412122 0.7548294404966641 0.024695633524689228 0.023618782516074393
0 0.024460073860969336 0.38644309592458 0.018648402598681373 0.018803047922860205
0 0.008593139758343856 0.06263662228542091 0.014953988428273916 0.01400037360402335
0 0.2396513628037595 0.7241887793076777 0.025617719618655048 0.02488458684060426
0 0.14305856188357866 0.007256840710091381 0.01352408393311896 0.011869164694726996
0 0.2123280393484548 0.9579397893584936 0.015612624363345996 0.015291264626832137
0 0.8245787899797135 0.6447078401008538 0.026111514265366027 0.02672266327174364
0 0.16360503138758206 0.7327109142742326 0.018158245613561812 0.015249741815887721
0 0.26333465576171877 0.017261429698066374 0.015850341122453385 0.01473765141141098
0 0.49432900781789546 0.34645369200579884 0.019893043475915057 0.019966226763429896
0 0.06345814868231507 0.2959795926524475 0.016152140580488174 0.015759695947697737
0 0.0804593418184565 0.0892103245828004 0.01701929924896409 0.01652322617252316
0 0.08579844269304644 0.6004428694733476 0.019634166738604974 0.018401829542311947
0 0.28730094446003107 0.47232205888866324 0.011905699671961327 0.011381672546926853
0 0.9660486379381044 0.7432319843663578 0.01589591516315608 0.016317451949668143
0 0.35043695776502076 0.19022787144753786 0.01372731245683702 0.01464139887716918
0 0.7584479063255353 0.6029901757704473 0.018536410674205802 0.018418506183455474
0 0.5609987712038157 0.10996746805916846 0.01417870284444061 0.014672827931631983
0 0.7333118417645028 0.7095692052250414 0.02152861705801105 0.02069604924294801
0 0.3745880801374742 0.5219637609161107 0.012428072934651244 0.012702435518788024
0 0.1721549439825406 0.2717541635563943 0.013296643673385705 0.011832060012142214
0 0.4976559127891921 0.7567046173905906 0.02263230803263122 0.021454802656595686
0 0.1309615583050976 0.5569315041060996 0.01917817342347203 0.019632423873496268
0 0.5585872924130266 0.18050778650604518 0.01739033230101865 0.018209997531587044
0 0.7427907026933703 0.5035293545343181 0.018664078686118787 0.019450466189764242
0 0.7097646808097376 0.510330487141567 0.016947136136049725 0.017647836060650582
0 0.9613288331426969 0.6829203040198942 0.026400031832700278 0.027683831949149612
0 0.0695533942122486 0.664708804240269 0.016340228338926538 0.01691166700515072
0 0.14157148329592545 0.6491411934911677 0.018600649333131908 0.017705259069932245
0 0.4437228219962363 0.8049386258525294 0.07030083488076681 0.05772838209775794
0 0.7698097524063364 0.5615474903478032 0.025537446585808015 0.025005610643234928
0 0.9060742794479456 0.3635632168930189 0.024533232799551108 0.02399738278009195
0 0.306751415610972 0.24210057216407976 0.013615661958304558 0.013141058187569136
0 0.17101055166339352 0.4142417570131015 0.0298675537109375 0.03356690533393252
0 0.7550066025876211 0.09850862384897419 0.03378171130438536 0.04473726728321177
0 0.2920895992721642 0.5880078341053651 0.022711434548731015 0.019774445390279314
0 0.02588344015469209 0.08658485496993613 0.014634138707956558 0.013414053790337216
0 0.3570214034444061 0.09701145644736502 0.017743021085117404 0.018393558738505945
0 0.7455422754445789 0.9440483498362314 0.019443979842886743 0.018912593875311117
0 0.9281698490374656 0.28127667756207225 0.018542682795234806 0.018544813173007123
0 0.6338663174961153 0.9677405905934562 0.019930844807493096 0.02011830827831167
0 0.22319607392200452 0.388463805207109 0.02510780629532114 0.02127591698570589
0 0.8734989398092197 0.14200157401836022 0.031854551536602216 0.0271061416220876
0 0.6980301156228419 0.4492722739160588 0.030970452240158843 0.03668324293288509
0 0.07540975749821953 0.7649672516679341 0.02039517565985411 0.015603259601424226
0 0.5712685095012519 0.9956811888028035 0.03457904625992749 0.0064252330138620025
0 0.6449970055680249 0.8254173076258297 0.011081286688535913 0.010780266955890487
0 0.19746578490536518 0.46656735175478775 0.013888887015495514 0.013736758611898508
0 0.6640932199046099 0.7542863018744815 0.010968455952175415 0.010359232404590708
0 0.3602924831664365 0.6584977006490252 0.021945207290227902 0.022102693540860065
0 0.7589769693959899 0.4152543004872228 0.05381339623812771 0.07856468131649597
0 0.6070506250952292 0.6532183372671694 0.028980009477891023 0.046155561153067015
0 0.7190188435325353 0.6538777024264989 0.015807277897031465 0.02109968509854495
0 0.9302654914570021 0.7875902718285784 0.024537689764471245 0.027021316549260155
0 0.830478886414819 0.2995689183934566 0.021265997795875125 0.03520959429146014
0 0.4431923496322477 0.4838051675929572 0.020448074803725996 0.020470694355500026
0 0.508626189004171 0.23774742143984634 0.017176382835129872 0.019651866581280066
0 0.2068126049011746 0.7098016332776782 0.017176382835129872 0.018833038807060044
0 0.14353825188341246 0.8316920510470855 0.01431258238165113 0.01109296636202765
0 0.27771165699336653 0.1302576663513296 0.017845592555979086 0.018609722141363704
0 0.39123826632714925 0.004887887768229458 0.010493095587720826 0.0075633861559279425
0 0.43050864328021476 0.7112129478751987 0.011724332311386339 0.009781084754613438
