0 0.303125 0.35390625 0.0890625 0.0875
0 0.5390625 0.6609375 0.0875 0.0828125
0 0.4796875 0.596875 0.0609375 0.065625
0 0.17265625 0.58671875 0.075 0.078125
0 0.42734375 0.5234375 0.0578125 0.0671875
0 0.65703125 0.6953125 0.0625 0.065625
0 0.84921875 0.7640625 0.059375 0.0671875
0 0.61953125 0.584375 0.0546875 0.05625
0 0.62265625 0.38359375 0.071875 0.0828125
0 0.8125 0.434375 0.071875 0.06875
0 0.796875 0.7046875 0.053125 0.05625
0 0.83828125 0.6484375 0.0609375 0.065625
0 0.3453125 0.5 0.0546875 0.0640625
0 0.9515625 0.63671875 0.053125 0.0578125
0 0.05546875 0.89296875 0.0546875 0.05625
0 0.32109375 0.42890625 0.0546875 0.0625
0 0.88046875 0.68359375 0.0515625 0.065625
0 0.8171875 0.3875 0.0734375 0.0703125
0 0.77265625 0.78984375 0.05625 0.0671875
0 0.10546875 0.50625 0.059375 0.0578125
0 0.40859375 0.45625 0.0546875 0.05625
0 0.60390625 0.50703125 0.0625 0.0640625
0 0.8703125 0.9125 0.0671875 0.0609375
0 0.70859375 0.67890625 0.0515625 0.0515625
0 0.83828125 0.8453125 0.0453125 0.0453125
0 0.54453125 0.51875 0.05 0.0546875
0 0.3515625 0.71171875 0.065625 0.0671875
0 0.6734375 0.7984375 0.0578125 0.0578125
0 0.45859375 0.66875 0.065625 0.071875
0 0.45546875 0.746875 0.059375 0.059375
0 0.80859375 0.83046875 0.046875 0.0421875
0 0.1359375 0.63125 0.05 0.0484375
0 0.09765625 0.915625 0.0515625 0.059375
0 0.13828125 0.828125 0.0875 0.0953125
0 0.46328125 0.353125 0.0640625 0.0546875
0 0.7703125 0.71953125 0.05 0.05
0 0.4796875 0.784375 0.0578125 0.0640625
0 0.71953125 0.621875 0.04375 0.0546875
0 0.6015625 0.86484375 0.0671875 0.0703125
0 0.39453125 0.88671875 0.059375 0.0640625
0 0.2 0.77109375 0.146875 0.178125
0 0.53671875 0.8953125 0.0734375 0.0703125
0 0.2359375 0.52109375 0.05 0.0546875
0 0.5578125 0.7796875 0.0546875 0.0625
0 0.66796875 0.3921875 0.059375 0.0625
0 0.4015625 0.60234375 0.0640625 0.0640625
0 0.23671875 0.59453125 0.05 0.0359375
0 0.18203125 0.90859375 0.053125 0.059375
0 0.475 0.48515625 0.0484375 0.059375
0 0.65078125 0.57734375 0.0546875 0.05
0 0.3234375 0.59375 0.0375 0.0421875
0 0.3578125 0.553125 0.0453125 0.05
0 0.44609375 0.93515625 0.05625 0.053125
0 0.81328125 0.49375 0.0421875 0.04375
0 0.703125 0.96328125 0.134375 0.0734375
0 0.80078125 0.89140625 0.046875 0.0484375
0 0.81875 0.97109375 0.0765625 0.0578125
0 0.2859375 0.6203125 0.0625 0.059375
0 0.66953125 0.74765625 0.046875 0.0421875
0 0.36484375 0.8453125 0.0515625 0.05
0 0.68828125 0.48671875 0.05 0.059375
0 0.48125 0.8625 0.090625 0.0796875
0 0.96328125 0.7671875 0.0265625 0.03125
0 0.21015625 0.96796875 0.0796875 0.0640625
0 0.1375 0.68125 0.0453125 0.04375
0 0.51953125 0.6453125 0.0359375 0.0359375
0 0.25625 0.53515625 0.0390625 0.0421875
0 0.2328125 0.453125 0.03125 0.0328125
0 0.0125 0.5765625 0.025 0.0546875
0 0.5609375 0.92578125 0.046875 0.0515625
0 0.84921875 0.31484375 0.053125 0.0484375
0 0.7203125 0.82109375 0.059375 0.05625
0 0.3359375 0.93984375 0.05 0.0609375
0 0.009375 0.69453125 0.01875 0.0390625
0 0.3265625 0.7703125 0.0328125 0.0328125
0 0.06796875 0.840625 0.03125 0.034375
0 0.6578125 0.89921875 0.046875 0.0484375
0 0.39296875 0.9734375 0.0640625 0.053125
0 0.12578125 0.9734375 0.053125 0.05
0 0.25703125 0.87578125 0.034375 0.040625
0 0.5234375 0.965625 0.109375 0.06875
0 0.06796875 0.9859375 0.0796875 0.028125
0 0.3390625 0.81015625 0.046875 0.0421875
0 0.0140625 0.78359375 0.028125 0.0421875
0 0.1984375 0.29609375 0.0328125 0.03125
0 0.04765625 0.81484375 0.034375 0.0640625
0 0.33515625 0.9859375 0.05 0.028125
0 0.021875 0.44375 0.04375 0.059375
0 0.0171875 0.4859375 0.034375 0.0453125
0 0.31171875 0.371875 0.0546875 0.0546875
0 0.5875 0.4796875 0.0953125 0.0875
0 0.6703125 0.478125 0.0421875 0.0421875
0 0.58671875 0.8046875 0.0875 0.071875
0 0.0703125 0.66328125 0.053125 0.0546875
0 0.07734375 0.62890625 0.046875 0.0515625
0 0.3125 0.93046875 0.084375 0.0796875
0 0.328125 0.88828125 0.0421875 0.0375
0 0.0875 0.75859375 0.0390625 0.0421875
0 0.06875 0.73515625 0.0375 0.0375
0 0.26953125 0.73828125 0.075 0.071875
0 0.3015625 0.69375 0.046875 0.0421875
0 0.30546875 0.734375 0.0515625 0.0421875
0 0.71015625 0.6421875 0.0625 0.059375
0 0.48828125 0.5546875 0.0625 0.0671875
0 0.509375 0.584375 0.0484375 0.0578125
0 0.30625 0.5015625 0.0234375 0.0203125
0 0.22734375 0.61171875 0.0375 0.03125
0 0.4578125 0.8484375 0.0734375 0.0671875
0 0.46640625 0.78515625 0.0828125 0.06875
0 0.07265625 0.81328125 0.028125 0.034375
0 0.18515625 0.49765625 0.0234375 0.0234375
0 0.36484375 0.7828125 0.05 0.05