0 0.659375 0.1421875 0.05 0.053125
0 0.43203125 0.24296875 0.0484375 0.0453125
0 0.4453125 0.93359375 0.05 0.0546875
0 0.46640625 0.34453125 0.075 0.0640625
0 0.58828125 0.84140625 0.05625 0.059375
0 0.38515625 0.4359375 0.1046875 0.090625
0 0.25546875 0.98125 0.0421875 0.0375
0 0.3234375 0.36484375 0.065625 0.06875
0 0.56484375 0.36953125 0.05625 0.0515625
0 0.615625 0.55859375 0.0390625 0.0328125
0 0.471875 0.69296875 0.0375 0.0328125
0 0.13203125 0.6734375 0.0609375 0.0734375
0 0.79140625 0.3953125 0.05 0.0546875
0 0.35546875 0.209375 0.0328125 0.0328125
0 0.16484375 0.5546875 0.0296875 0.0296875
0 0.31328125 0.725 0.0296875 0.0265625
0 0.559375 0.228125 0.0359375 0.0375
0 0.5671875 0.653125 0.0421875 0.0375
0 0.25078125 0.87265625 0.0359375 0.0359375
0 0.42890625 0.08671875 0.059375 0.065625
0 0.73515625 0.4234375 0.0390625 0.0375
0 0.22578125 0.63125 0.0375 0.0328125
0 0.70390625 0.12578125 0.0359375 0.040625
0 0.08984375 0.6984375 0.0265625 0.028125
0 0.3546875 0.65859375 0.0390625 0.0359375
0 0.61640625 0.26875 0.03125 0.03125
0 0.71640625 0.459375 0.0296875 0.03125
0 0.68984375 0.7546875 0.028125 0.0296875
0 0.48359375 0.77578125 0.1421875 0.1375
0 0.34453125 0.6875 0.021875 0.025
0 0.68359375 0.01796875 0.0296875 0.034375
0 0.22734375 0.5609375 0.0265625 0.025
0 0.13671875 0.94140625 0.03125 0.028125
0 0.5546875 0.19609375 0.0296875 0.0265625
0 0.659375 0.32265625 0.0265625 0.03125
0 0.2 0.39375 0.034375 0.0328125
0 0.74609375 0.39140625 0.0375 0.034375
0 0.16484375 0.484375 0.0296875 0.03125
0 0.46875 0.5265625 0.0328125 0.03125
0 0.1234375 0.80703125 0.0484375 0.0546875
0 0.3859375 0.08515625 0.0328125 0.04375
0 0.021875 0.82578125 0.0328125 0.0296875
0 0.3375 0.52734375 0.0484375 0.040625
0 0.35859375 0.5875 0.034375 0.03125
0 0.4734375 0.4421875 0.0359375 0.0375
0 0.6234375 0.4296875 0.0328125 0.0328125
0 0.27421875 0.728125 0.0265625 0.025
0 0.7875 0.746875 0.03125 0.0328125
0 0.253125 0.83515625 0.0328125 0.0375
0 0.2671875 0.51953125 0.0203125 0.0265625
0 0.20859375 0.69453125 0.025 0.025
0 0.6578125 0.96015625 0.0296875 0.03125
0 0.49765625 0.653125 0.0390625 0.040625
0 0.17421875 0.71875 0.021875 0.025
0 0.47109375 0.62734375 0.03125 0.028125
0 0.76953125 0.346875 0.0296875 0.0296875
0 0.31328125 0.584375 0.0296875 0.0328125
0 0.21875 0.52265625 0.021875 0.025
0 0.66328125 0.40234375 0.03125 0.0359375
0 0.41328125 0.70546875 0.0296875 0.03125
0 0.6875 0.18046875 0.0328125 0.0265625
0 0.45546875 0.18671875 0.025 0.025
0 0.721875 0.35234375 0.0359375 0.03125
0 0.759375 0.54609375 0.0328125 0.0296875
0 0.6359375 0.8046875 0.04375 0.040625
0 0.359375 0.31953125 0.0296875 0.0265625
0 0.1984375 0.61484375 0.0328125 0.0328125
0 0.3078125 0.68203125 0.0296875 0.03125
0 0.04765625 0.87109375 0.028125 0.0265625
0 0.22578125 0.7609375 0.0296875 0.03125
0 0.7046875 0.55625 0.0359375 0.0296875
0 0.76171875 0.83359375 0.0328125 0.03125
0 0.51875 0.62109375 0.0234375 0.0296875
0 0.12890625 0.9890625 0.0328125 0.021875
0 0.4484375 0.65703125 0.0359375 0.034375
0 0.38046875 0.015625 0.0375 0.03125
0 0.48203125 0.5703125 0.0265625 0.025
0 0.48046875 0.603125 0.0234375 0.025
0 0.60859375 0.37578125 0.0359375 0.0390625
0 0.603125 0.4828125 0.0328125 0.0328125
0 0.78359375 0.46484375 0.046875 0.0375
0 0.2953125 0.75859375 0.0265625 0.025
0 0.5265625 0.496875 0.028125 0.034375
0 0.37265625 0.90703125 0.025 0.0265625
0 0.6875 0.78046875 0.0328125 0.025
0 0.6609375 0.18515625 0.0203125 0.0265625
0 0.59765625 0.63203125 0.0265625 0.0265625
0 0.6765625 0.34765625 0.03125 0.0296875
0 0.6890625 0.153125 0.021875 0.0234375
0 0.41640625 0.60625 0.025 0.028125
0 0.30390625 0.96953125 0.0296875 0.0328125
0 0.54765625 0.04296875 0.028125 0.0265625
0 0.39609375 0.61953125 0.0296875 0.025
0 0.46796875 0.88046875 0.040625 0.040625
0 0.2703125 0.69296875 0.0265625 0.0265625
0 0.1875 0.8296875 0.034375 0.0359375
0 0.72890625 0.5546875 0.0328125 0.0375
0 0.5390625 0.6171875 0.0234375 0.0265625
0 0.46640625 0.90859375 0.0234375 0.021875
0 0.2390625 0.7234375 0.028125 0.025
0 0.5796875 0.578125 0.01875 0.0203125
0 0.39375 0.2359375 0.0265625 0.0328125
0 0.21953125 0.71171875 0.0203125 0.0234375
0 0.63828125 0.465625 0.03125 0.0265625
0 0.02421875 0.9125 0.0296875 0.0265625
0 0.3328125 0.81875 0.021875 0.0234375
0 0.5140625 0.30234375 0.0328125 0.028125
0 0.4390625 0.559375 0.025 0.025
0 0.0453125 0.940625 0.0265625 0.0296875
0 0.3484375 0.921875 0.0375 0.028125
0 0.02734375 0.80234375 0.01875 0.01875
0 0.6890625 0.23984375 0.0203125 0.021875
0 0.74609375 0.75625 0.025 0.025
0 0.48046875 0.15703125 0.025 0.021875
0 0.1859375 0.57109375 0.0234375 0.0203125
0 0.0859375 0.57578125 0.0234375 0.025
0 0.4015625 0.86015625 0.0265625 0.021875
0 0.7078125 0.23203125 0.0234375 0.025
0 0.740625 0.27421875 0.028125 0.0296875
0 0.08984375 0.9828125 0.0265625 0.028125
0 0.11875 0.76640625 0.0375 0.0328125
0 0.584375 0.246875 0.0359375 0.040625
0 0.36328125 0.10078125 0.025 0.028125
0 0.5390625 0.47890625 0.0203125 0.021875
0 0.2765625 0.6265625 0.0421875 0.0359375
0 0.5140625 0.24453125 0.028125 0.0296875
0 0.6546875 0.2984375 0.025 0.021875
0 0.534375 0.925 0.0421875 0.046875
0 0.7421875 0.8203125 0.03125 0.0328125
0 0.68203125 0.49921875 0.0359375 0.040625
0 0.39375 0.96484375 0.0390625 0.0421875
0 0.665625 0.36484375 0.0265625 0.0265625
0 0.1765625 0.8921875 0.025 0.025
0 0.76328125 0.303125 0.0140625 0.015625
0 0.52734375 0.12109375 0.0234375 0.025
0 0.46484375 0.7171875 0.0328125 0.034375
0 0.1953125 0.75546875 0.01875 0.0234375
0 0.70078125 0.28671875 0.021875 0.0265625
0 0.19140625 0.6546875 0.03125 0.0359375
0 0.5328125 0.83515625 0.0484375 0.0453125
0 0.28671875 0.990625 0.0359375 0.01875
0 0.01328125 0.940625 0.0265625 0.025
0 0.58984375 0.17578125 0.021875 0.0265625
0 0.32421875 0.41484375 0.028125 0.0296875
0 0.14375 0.9125 0.0328125 0.0359375
0 0.49140625 0.08984375 0.0296875 0.025
0 0.425 0.76796875 0.0265625 0.03125
0 0.4421875 0.0140625 0.034375 0.0265625
0 0.5109375 0.578125 0.0203125 0.025
0 0.271875 0.44921875 0.021875 0.0203125
0 0.3859375 0.57734375 0.0515625 0.059375
0 0.56953125 0.30625 0.05 0.05625
0 0.33125 0.66875 0.021875 0.028125
0 0.5609375 0.59453125 0.01875 0.0203125
0 0.25390625 0.54375 0.0265625 0.025
0 0.7375 0.309375 0.0203125 0.01875
0 0.77421875 0.28125 0.0203125 0.021875
0 0.44140625 0.29453125 0.025 0.0234375
0 0.7375 0.23046875 0.0359375 0.0390625
0 0.79375 0.2171875 0.0265625 0.0265625
0 0.0765625 0.7375 0.01875 0.021875
0 0.21328125 0.73203125 0.0203125 0.0234375
0 0.61640625 0.5234375 0.0390625 0.0484375
0 0.72890625 0.521875 0.0265625 0.0265625
0 0.4828125 0.12265625 0.0296875 0.025
0 0.584375 0.728125 0.0265625 0.028125
0 0.50703125 0.04140625 0.0390625 0.0359375
0 0.76328125 0.63359375 0.0328125 0.0359375
0 0.32421875 0.471875 0.0203125 0.0203125
0 0.01796875 0.7921875 0.015625 0.01875
0 0.1078125 0.72109375 0.0484375 0.0515625
0 0.50078125 0.909375 0.034375 0.0328125
0 0.41640625 0.2125 0.0203125 0.01875
0 0.25234375 0.49375 0.0234375 0.021875
0 0.27421875 0.81484375 0.0203125 0.021875
0 0.06015625 0.84921875 0.021875 0.0203125
0 0.721875 0.7625 0.0390625 0.0390625
0 0.68046875 0.2875 0.0234375 0.025
0 0.18828125 0.9640625 0.0796875 0.0703125
0 0.57109375 0.90546875 0.03125 0.0296875
0 0.3109375 0.75546875 0.021875 0.025
0 0.140625 0.73671875 0.021875 0.0234375
0 0.52265625 0.0703125 0.0234375 0.021875
0 0.24375 0.5921875 0.0234375 0.0234375
0 0.68359375 0.43515625 0.028125 0.025
0 0.77890625 0.43984375 0.0203125 0.01875
0 0.55546875 0.10078125 0.0265625 0.028125
0 0.546875 0.16640625 0.0265625 0.028125
0 0.396875 0.4796875 0.03125 0.0296875
0 0.74765625 0.48828125 0.0234375 0.025
0 0.6203125 0.20546875 0.046875 0.040625
0 0.39453125 0.65859375 0.04375 0.053125
0 0.6875 0.05234375 0.0296875 0.028125
0 0.6828125 0.2078125 0.03125 0.021875
0 0.0421875 0.96640625 0.0234375 0.0203125
0 0.6375 0.23828125 0.0328125 0.034375
0 0.47890625 0.30390625 0.040625 0.046875
0 0.72734375 0.6984375 0.040625 0.0375
0 0.46328125 0.74453125 0.021875 0.0203125
0 0.46171875 0.6 0.0203125 0.01875
0 0.7015625 0.378125 0.0328125 0.0328125
0 0.5484375 0.0109375 0.040625 0.021875
0 0.796875 0.25859375 0.01875 0.01875
0 0.4859375 0.6671875 0.021875 0.01875
0 0.55703125 0.83125 0.028125 0.0328125
0 0.52734375 0.69375 0.03125 0.0328125
0 0.36484375 0.43984375 0.03125 0.028125
0 0.7234375 0.0203125 0.0234375 0.0296875
0 0.6015625 0.80546875 0.0328125 0.0375
0 0.13125 0.57421875 0.0234375 0.021875
0 0.7109375 0.6265625 0.0359375 0.04375
0 0.5046875 0.88515625 0.034375 0.0328125
0 0.41171875 0.8828125 0.0203125 0.01875
0 0.5390625 0.4109375 0.0328125 0.0375
0 0.5875 0.4015625 0.0203125 0.0203125
0 0.5703125 0.50546875 0.0234375 0.021875
0 0.40859375 0.8234375 0.025 0.0265625
0 0.1671875 0.59140625 0.0328125 0.0390625
0 0.62734375 0.153125 0.0234375 0.028125
0 0.0859375 0.75859375 0.021875 0.0203125
0 0.81015625 0.48515625 0.0515625 0.053125
0 0.86015625 0.6140625 0.040625 0.0296875
0 0.82734375 0.60859375 0.0296875 0.0234375
0 0.76328125 0.50078125 0.0265625 0.025
0 0.29375 0.7046875 0.034375 0.0328125
0 0.690625 0.31640625 0.0296875 0.03125
0 0.5640625 0.06171875 0.0328125 0.046875
0 0.73046875 0.6421875 0.0234375 0.0265625
0 0.82734375 0.58671875 0.0171875 0.01875
0 0.19140625 0.6984375 0.021875 0.01875
0 0.61875 0.75 0.01875 0.01875
0 0.2875 0.8640625 0.021875 0.01875
0 0.6140625 0.09296875 0.0859375 0.075
0 0.10703125 0.8296875 0.0375 0.0390625
0 0.62890625 0.403125 0.01875 0.0125
0 0.721875 0.58359375 0.0234375 0.0234375
0 0.6046875 0.15234375 0.0390625 0.046875
0 0.67578125 0.64765625 0.0171875 0.01875
0 0.36015625 0.76015625 0.03125 0.0359375
0 0.71796875 0.16328125 0.028125 0.021875
0 0.50625 0.94921875 0.0171875 0.015625
0 0.790625 0.525 0.03125 0.034375
0 0.584375 0.9546875 0.0359375 0.0328125
0 0.675 0.68515625 0.0203125 0.025
0 0.7484375 0.5234375 0.0234375 0.028125
0 0.30703125 0.89765625 0.0265625 0.025
0 0.4140625 0.13359375 0.0203125 0.021875
0 0.53515625 0.88203125 0.021875 0.021875
0 0.60625 0.6125 0.028125 0.025
0 0.55703125 0.94375 0.0328125 0.0328125
0 0.03046875 0.9828125 0.0203125 0.0203125
0 0.68359375 0.58046875 0.021875 0.0203125
0 0.3546875 0.9671875 0.021875 0.028125
0 0.584375 0.78828125 0.028125 0.0265625
0 0.74375 0.01640625 0.03125 0.0328125
0 0.38125 0.3890625 0.021875 0.0203125
0 0.51640625 0.68203125 0.0203125 0.0203125
0 0.08359375 0.9109375 0.0828125 0.0796875
0 0.28046875 0.60625 0.0265625 0.0328125
0 0.2125 0.82890625 0.0328125 0.0484375
0 0.625 0.503125 0.0140625 0.01875
0 0.54453125 0.55625 0.021875 0.025
0 0.7875 0.6296875 0.0265625 0.021875
0 0.98203125 0.6609375 0.028125 0.0421875
0 0.44921875 0.96484375 0.0734375 0.065625
0 0.68203125 0.5328125 0.0265625 0.01875
0 0.26484375 0.903125 0.01875 0.01875
0 0.659375 0.65546875 0.0234375 0.0265625
0 0.64375 0.6265625 0.028125 0.0265625
0 0.6859375 0.7 0.0203125 0.0234375
0 0.67109375 0.62109375 0.0234375 0.0296875
0 0.59375 0.4578125 0.0328125 0.0296875
0 0.77578125 0.31875 0.0203125 0.0203125
0 0.9328125 0.66953125 0.040625 0.0328125
0 0.696875 0.41484375 0.03125 0.034375
0 0.36484375 0.8671875 0.021875 0.025
0 0.31875 0.81171875 0.0171875 0.021875
0 0.33359375 0.88046875 0.028125 0.0296875
0 0.9125 0.5703125 0.053125 0.046875
0 0.67421875 0.471875 0.0453125 0.046875
0 0.37109375 0.6984375 0.0296875 0.0234375
0 0.52265625 0.715625 0.021875 0.0140625
0 0.7828125 0.803125 0.0171875 0.01875
0 0.33671875 0.79296875 0.01875 0.0171875
0 0.3859375 0.71953125 0.021875 0.0203125
0 0.46328125 0.05703125 0.015625 0.0171875
0 0.778125 0.24140625 0.01875 0.0203125
0 0.2421875 0.5765625 0.0265625 0.0234375
0 0.66875 0.25078125 0.0203125 0.025
0 0.346875 0.61796875 0.0328125 0.0375
0 0.5625 0.73515625 0.0296875 0.04375
0 0.09921875 0.9546875 0.034375 0.0296875
0 0.52265625 0.39765625 0.0265625 0.028125
0 0.615625 0.02890625 0.075 0.0578125
0 0.6234375 0.3609375 0.0234375 0.0234375
0 0.50625 0.965625 0.034375 0.05
0 0.22890625 0.740625 0.0203125 0.0125
0 0.5875 0.921875 0.0203125 0.01875
0 0.4765625 0.2125 0.0203125 0.021875
0 0.31640625 0.94453125 0.034375 0.0296875
0 0.56484375 0.453125 0.0171875 0.01875
0 0.26796875 0.94296875 0.028125 0.025
0 0.4078125 0.178125 0.03125 0.0296875
0 0.6609375 0.584375 0.028125 0.025
0 0.6390625 0.96171875 0.021875 0.025
0 0.4265625 0.159375 0.025 0.021875
0 0.1515625 0.51015625 0.015625 0.01875
0 0.50078125 0.79609375 0.021875 0.01875
0 0.796875 0.5796875 0.0234375 0.025
0 0.79375 0.78515625 0.0203125 0.01875
0 0.5515625 0.2734375 0.0203125 0.01875
0 0.1859375 0.6015625 0.025 0.0328125
0 0.9828125 0.63359375 0.025 0.0203125
0 0.55390625 0.67109375 0.034375 0.03125
0 0.37421875 0.06796875 0.03125 0.025
0 0.58984375 0.025 0.0296875 0.03125
0 0.5859375 0.7078125 0.028125 0.0265625
0 0.97578125 0.61171875 0.0375 0.0296875
0 0.15078125 0.878125 0.0171875 0.01875
0 0.53984375 0.971875 0.0203125 0.01875
0 0.40625 0.934375 0.0125 0.0140625
0 0.23515625 0.95625 0.0140625 0.0140625
0 0.80390625 0.83515625 0.0234375 0.0203125
0 0.16484375 0.84453125 0.0234375 0.0203125
0 0.65390625 0.559375 0.0375 0.0484375
0 0.1984375 0.99140625 0.046875 0.0171875
0 0.3453125 0.85234375 0.0203125 0.0171875
0 0.62734375 0.2953125 0.034375 0.034375
0 0.43515625 0.53828125 0.0203125 0.021875
0 0.7953125 0.86328125 0.0296875 0.0296875
0 0.2765625 0.78046875 0.015625 0.0140625
0 0.196875 0.79453125 0.0234375 0.0234375
0 0.71796875 0.671875 0.0203125 0.0203125
0 0.16328125 0.73984375 0.0171875 0.0203125
0 0.08046875 0.99609375 0.0296875 0.0078125
0 0.5578125 0.575 0.015625 0.015625
0 0.63125 0.61171875 0.028125 0.025
0 0.6171875 0.66171875 0.0265625 0.01875
0 0.73671875 0.7375 0.015625 0.0140625
0 0.70078125 0.58515625 0.0203125 0.0234375
0 0.6421875 0.275 0.0265625 0.0296875
0 0.96328125 0.70546875 0.0265625 0.028125
0 0.18359375 0.91484375 0.021875 0.0203125
0 0.2921875 0.825 0.01875 0.021875
0 0.5390625 0.003125 0.021875 0.00625
0 0.62109375 0.646875 0.028125 0.0203125
0 0.74453125 0.6765625 0.0203125 0.0234375
0 0.58984375 0.08359375 0.0234375 0.0265625
0 0.2375 0.8046875 0.025 0.025
0 0.35390625 0.5140625 0.053125 0.0375
0 0.7625 0.86640625 0.021875 0.025
0 0.296875 0.58359375 0.0203125 0.0203125
0 0.621875 0.81015625 0.0265625 0.025
0 0.6171875 0.6890625 0.071875 0.075
0 0.534375 0.290625 0.028125 0.0234375
0 0.38203125 0.40390625 0.0234375 0.021875
0 0.478125 0.42109375 0.028125 0.021875
0 0.66171875 0.7 0.03125 0.028125
0 0.90859375 0.5390625 0.01875 0.0265625
0 0.93125 0.6328125 0.0390625 0.040625
0 0.39296875 0.85 0.021875 0.0234375