0 0.051025390625 0.313720703125 0.01171875 0.0107421875
0 0.08984375 0.296142578125 0.0185546875 0.0185546875
0 0.15576171875 0.28369140625 0.00537109375 0.0048828125
0 0.1650390625 0.284423828125 0.005859375 0.0048828125
0 0.1005859375 0.33056640625 0.0087890625 0.00732421875
0 0.009033203125 0.36767578125 0.00927734375 0.00830078125
0 0.07763671875 0.380615234375 0.01513671875 0.01416015625
0 0.12841796875 0.396240234375 0.01708984375 0.017578125
0 0.165771484375 0.386474609375 0.01123046875 0.0087890625
0 0.202880859375 0.3671875 0.00732421875 0.0087890625
0 0.087646484375 0.396240234375 0.0087890625 0.0107421875
0 0.068359375 0.41650390625 0.01123046875 0.01025390625
0 0.09130859375 0.424560546875 0.0068359375 0.0078125
0 0.183349609375 0.436767578125 0.0078125 0.00927734375
0 0.243408203125 0.45068359375 0.0068359375 0.005859375
0 0.245361328125 0.474853515625 0.0078125 0.0078125
0 0.468994140625 0.210693359375 0.01220703125 0.009765625
0 0.4638671875 0.26123046875 0.0107421875 0.009765625
0 0.458251953125 0.270751953125 0.01171875 0.01025390625
0 0.47607421875 0.272216796875 0.009765625 0.00927734375
0 0.568359375 0.22900390625 0.00732421875 0.0078125
0 0.5751953125 0.252197265625 0.00537109375 0.0048828125
0 0.556640625 0.2626953125 0.00634765625 0.00634765625
0 0.5986328125 0.27294921875 0.00830078125 0.00830078125
0 0.574462890625 0.300048828125 0.01123046875 0.0107421875
0 0.59521484375 0.2822265625 0.01025390625 0.0078125
0 0.61376953125 0.274169921875 0.0087890625 0.0087890625
0 0.677734375 0.343505859375 0.00830078125 0.0087890625
0 0.685546875 0.355712890625 0.0078125 0.00830078125
0 0.619384765625 0.352783203125 0.0087890625 0.0078125
0 0.612060546875 0.362548828125 0.0078125 0.00634765625
0 0.45751953125 0.310546875 0.013671875 0.015625
0 0.43701171875 0.345458984375 0.00830078125 0.0068359375
0 0.314208984375 0.342041015625 0.01220703125 0.00927734375
0 0.3125 0.377685546875 0.0087890625 0.0087890625
0 0.286865234375 0.28662109375 0.00634765625 0.0068359375
0 0.328125 0.427734375 0.01953125 0.0146484375
0 0.353271484375 0.435791015625 0.01513671875 0.01171875
0 0.41357421875 0.406982421875 0.0126953125 0.013671875
0 0.420654296875 0.446044921875 0.0107421875 0.01025390625
0 0.442626953125 0.475341796875 0.0107421875 0.01025390625
0 0.302490234375 0.494140625 0.0078125 0.0078125
0 0.289306640625 0.48779296875 0.00732421875 0.0078125
0 0.326416015625 0.4892578125 0.009765625 0.01025390625
0 0.584228515625 0.414306640625 0.01806640625 0.0166015625
0 0.551513671875 0.453857421875 0.01416015625 0.00927734375
0 0.530517578125 0.386474609375 0.00732421875 0.0068359375
0 0.619140625 0.3955078125 0.0068359375 0.00732421875
0 0.67919921875 0.427734375 0.0068359375 0.00830078125
0 0.697509765625 0.429443359375 0.0078125 0.00830078125
0 0.766357421875 0.420166015625 0.01806640625 0.0166015625
0 0.77001953125 0.4404296875 0.0126953125 0.009765625
0 0.8388671875 0.436279296875 0.00634765625 0.005859375
0 0.83740234375 0.453369140625 0.01171875 0.01123046875
0 0.837158203125 0.46630859375 0.00927734375 0.0107421875
0 0.830322265625 0.478271484375 0.01171875 0.009765625
0 0.81787109375 0.477294921875 0.0068359375 0.00732421875
0 0.799072265625 0.49853515625 0.01123046875 0.01025390625
0 0.9150390625 0.501220703125 0.0185546875 0.01220703125
0 0.55712890625 0.536376953125 0.013671875 0.01416015625
0 0.525634765625 0.52880859375 0.00927734375 0.009765625
0 0.59619140625 0.509033203125 0.01025390625 0.01171875
0 0.47412109375 0.5126953125 0.00927734375 0.00830078125
0 0.477783203125 0.499267578125 0.0078125 0.0087890625
0 0.452880859375 0.54345703125 0.017578125 0.0185546875
0 0.4384765625 0.55810546875 0.017578125 0.01904296875
0 0.428955078125 0.520751953125 0.0146484375 0.009765625
0 0.427001953125 0.513427734375 0.0068359375 0.00634765625
0 0.410888671875 0.528076171875 0.0107421875 0.00830078125
0 0.356689453125 0.544921875 0.01220703125 0.01220703125
0 0.43798828125 0.5380859375 0.00732421875 0.00634765625
0 0.546875 0.557861328125 0.00732421875 0.00732421875
0 0.59375 0.586181640625 0.0107421875 0.0107421875
0 0.60986328125 0.581298828125 0.01025390625 0.00830078125
0 0.67431640625 0.5732421875 0.01171875 0.0107421875
0 0.654296875 0.593017578125 0.009765625 0.01171875
0 0.663818359375 0.625 0.01318359375 0.00732421875
0 0.373046875 0.614501953125 0.00927734375 0.0107421875
0 0.4912109375 0.5947265625 0.0107421875 0.00830078125
0 0.50048828125 0.5966796875 0.00830078125 0.00732421875
0 0.48876953125 0.6171875 0.00732421875 0.00927734375
0 0.4345703125 0.679931640625 0.01123046875 0.01220703125
0 0.310546875 0.515380859375 0.00634765625 0.00634765625
0 0.575439453125 0.705810546875 0.013671875 0.0146484375
0 0.576416015625 0.691162109375 0.01123046875 0.00830078125
0 0.59375 0.703369140625 0.0087890625 0.01025390625
0 0.66796875 0.66845703125 0.00830078125 0.0068359375
0 0.68896484375 0.6767578125 0.01123046875 0.01025390625
0 0.609130859375 0.63818359375 0.0087890625 0.0087890625
0 0.635986328125 0.628173828125 0.0048828125 0.00537109375
0 0.607666015625 0.66650390625 0.005859375 0.0048828125
0 0.71923828125 0.541259765625 0.00634765625 0.00634765625
0 0.718505859375 0.5693359375 0.00439453125 0.00439453125
0 0.697509765625 0.60888671875 0.00634765625 0.005859375
0 0.667236328125 0.64111328125 0.0078125 0.00634765625
0 0.403076171875 0.583251953125 0.0078125 0.0068359375
0 0.25048828125 0.528564453125 0.01171875 0.0078125
0 0.28076171875 0.531494140625 0.01025390625 0.0087890625
0 0.18017578125 0.53076171875 0.01123046875 0.01123046875
0 0.171875 0.53076171875 0.00634765625 0.0068359375
0 0.157470703125 0.512939453125 0.009765625 0.009765625
0 0.14306640625 0.504638671875 0.009765625 0.0078125
0 0.132080078125 0.5732421875 0.01806640625 0.01806640625
0 0.25732421875 0.578125 0.0087890625 0.0087890625
0 0.827880859375 0.547119140625 0.013671875 0.01025390625
0 0.85986328125 0.561279296875 0.0078125 0.0087890625
0 0.886474609375 0.577392578125 0.00634765625 0.00634765625
0 0.88330078125 0.624267578125 0.0087890625 0.0087890625
0 0.90234375 0.661376953125 0.00830078125 0.00732421875
0 0.886962890625 0.723876953125 0.01513671875 0.01220703125
0 0.779296875 0.734619140625 0.0107421875 0.009765625
0 0.73828125 0.754150390625 0.00830078125 0.00830078125
0 0.76171875 0.687744140625 0.00830078125 0.0087890625
0 0.88720703125 0.81640625 0.01123046875 0.009765625
0 0.875732421875 0.85107421875 0.01220703125 0.01513671875
0 0.89794921875 0.850341796875 0.00927734375 0.0107421875
0 0.75146484375 0.849609375 0.0068359375 0.0068359375
0 0.713134765625 0.88330078125 0.01025390625 0.0126953125
0 0.6748046875 0.891357421875 0.01806640625 0.0166015625
0 0.646484375 0.87451171875 0.009765625 0.00927734375
0 0.68408203125 0.91650390625 0.00732421875 0.0078125
0 0.6923828125 0.92138671875 0.0068359375 0.00830078125
0 0.66455078125 0.85595703125 0.0068359375 0.0087890625
0 0.67138671875 0.795166015625 0.0107421875 0.00927734375
0 0.66455078125 0.758544921875 0.01025390625 0.00830078125
0 0.723388671875 0.798828125 0.009765625 0.00634765625
0 0.862060546875 0.758056640625 0.0068359375 0.0087890625
0 0.563720703125 0.773193359375 0.0068359375 0.0078125
0 0.56689453125 0.72607421875 0.0078125 0.00732421875
0 0.775634765625 0.959228515625 0.00732421875 0.0078125
0 0.644775390625 0.972900390625 0.01123046875 0.00927734375
0 0.617919921875 0.95263671875 0.00634765625 0.00732421875
0 0.569091796875 0.931640625 0.0126953125 0.01318359375
0 0.5830078125 0.937744140625 0.00927734375 0.00927734375
0 0.587158203125 0.911376953125 0.00927734375 0.0087890625
0 0.5517578125 0.89794921875 0.00830078125 0.00830078125
0 0.503662109375 0.970458984375 0.01416015625 0.01416015625
0 0.569091796875 0.990234375 0.00830078125 0.0078125
0 0.5908203125 0.968994140625 0.005859375 0.005859375
0 0.5517578125 0.839599609375 0.01318359375 0.0126953125
0 0.532470703125 0.855224609375 0.0166015625 0.01416015625
0 0.5068359375 0.847412109375 0.0146484375 0.015625
0 0.018310546875 0.6611328125 0.01123046875 0.009765625
0 0.05126953125 0.661865234375 0.01416015625 0.0126953125
0 0.035888671875 0.634765625 0.00927734375 0.00634765625
0 0.089599609375 0.60302734375 0.0078125 0.00830078125
0 0.115966796875 0.68017578125 0.013671875 0.0107421875
0 0.2744140625 0.620849609375 0.00927734375 0.00830078125
0 0.260986328125 0.655517578125 0.01025390625 0.00830078125
0 0.2646484375 0.633056640625 0.00927734375 0.00732421875
0 0.293701171875 0.65966796875 0.0126953125 0.0126953125
0 0.2333984375 0.69287109375 0.0087890625 0.00732421875
0 0.269775390625 0.75390625 0.01806640625 0.01123046875
0 0.287353515625 0.76318359375 0.0185546875 0.013671875
0 0.1796875 0.78173828125 0.015625 0.01220703125
0 0.177734375 0.768798828125 0.0107421875 0.0107421875
0 0.21240234375 0.820556640625 0.0126953125 0.0126953125
0 0.2734375 0.79638671875 0.01611328125 0.01806640625
0 0.2587890625 0.796875 0.0087890625 0.00830078125
0 0.196044921875 0.82861328125 0.00732421875 0.0068359375
0 0.38720703125 0.786865234375 0.01220703125 0.0126953125
0 0.357666015625 0.772705078125 0.0107421875 0.01025390625
0 0.10302734375 0.73095703125 0.00927734375 0.009765625
0 0.1533203125 0.7265625 0.00634765625 0.00634765625
0 0.20068359375 0.84619140625 0.00537109375 0.0068359375
0 0.1943359375 0.853759765625 0.00634765625 0.00732421875
0 0.206787109375 0.876220703125 0.0302734375 0.029296875
0 0.48779296875 0.718994140625 0.01123046875 0.01171875
0 0.461669921875 0.7578125 0.0078125 0.009765625
0 0.38232421875 0.686279296875 0.00927734375 0.0078125
0 0.3974609375 0.74755859375 0.00927734375 0.0078125
0 0.423828125 0.783203125 0.00830078125 0.0068359375
0 0.4375 0.8037109375 0.00634765625 0.00634765625
0 0.367431640625 0.952880859375 0.01416015625 0.0146484375
0 0.28466796875 0.939697265625 0.0244140625 0.02197265625
0 0.1943359375 0.98828125 0.0126953125 0.017578125
0 0.1962890625 0.97412109375 0.01123046875 0.00927734375
0 0.319580078125 0.970458984375 0.00830078125 0.00830078125
0 0.4248046875 0.9716796875 0.0087890625 0.00732421875
0 0.049560546875 0.951904296875 0.01513671875 0.01708984375
0 0.04150390625 0.963134765625 0.0126953125 0.0107421875
0 0.066650390625 0.9716796875 0.0078125 0.00732421875
0 0.12451171875 0.99462890625 0.009765625 0.00927734375
0 0.25830078125 0.9814453125 0.00732421875 0.00830078125
0 0.229736328125 0.594482421875 0.00927734375 0.00927734375
0 0.1103515625 0.649658203125 0.00927734375 0.0087890625
0 0.377685546875 0.846435546875 0.00634765625 0.0068359375
0 0.367919921875 0.864013671875 0.0078125 0.0068359375
0 0.35888671875 0.8720703125 0.0087890625 0.00732421875
0 0.322998046875 0.867919921875 0.00537109375 0.005859375
0 0.446044921875 0.8291015625 0.00732421875 0.00732421875
0 0.427978515625 0.833984375 0.0068359375 0.005859375
0 0.404296875 0.9384765625 0.0078125 0.0078125
0 0.605224609375 0.85986328125 0.0107421875 0.0107421875
0 0.726318359375 0.98681640625 0.0087890625 0.0107421875
0 0.6748046875 0.981201171875 0.00927734375 0.00830078125
0 0.763916015625 0.98681640625 0.0107421875 0.01171875
0 0.980712890625 0.60986328125 0.00732421875 0.0068359375
0 0.486572265625 0.748779296875 0.0068359375 0.00732421875
0 0.464599609375 0.77685546875 0.0078125 0.00732421875
0 0.489990234375 0.691162109375 0.01025390625 0.0087890625
0 0.769287109375 0.894775390625 0.013671875 0.00927734375
0 0.034423828125 0.40966796875 0.00390625 0.0048828125
0 0.085693359375 0.416748046875 0.005859375 0.005859375
0 0.0849609375 0.388427734375 0.005859375 0.0068359375
0 0.04541015625 0.30810546875 0.0078125 0.005859375
0 0.262451171875 0.51123046875 0.00732421875 0.00634765625
0 0.148193359375 0.513916015625 0.00634765625 0.00634765625
0 0.231689453125 0.81396484375 0.00634765625 0.00537109375
0 0.29638671875 0.799560546875 0.00634765625 0.005859375
0 0.432373046875 0.39990234375 0.0068359375 0.00732421875
0 0.0556640625 0.66455078125 0.0068359375 0.00732421875
0 0.143310546875 0.62744140625 0.00927734375 0.00927734375
0 0.343017578125 0.67333984375 0.00537109375 0.00439453125
0 0.380126953125 0.708740234375 0.0068359375 0.00439453125
0 0.60888671875 0.66162109375 0.00439453125 0.0068359375
0 0.347412109375 0.888427734375 0.0068359375 0.005859375
0 0.326904296875 0.88525390625 0.0048828125 0.00390625
0 0.433349609375 0.831298828125 0.0048828125 0.00341796875
0 0.44189453125 0.801513671875 0.00634765625 0.005859375
0 0.51904296875 0.794189453125 0.00634765625 0.0078125
0 0.630615234375 0.83935546875 0.005859375 0.005859375
0 0.653564453125 0.833740234375 0.00390625 0.00439453125
0 0.6708984375 0.859130859375 0.00537109375 0.00390625
0 0.60693359375 0.893798828125 0.005859375 0.0048828125
0 0.74658203125 0.854736328125 0.00732421875 0.0078125
0 0.88623046875 0.882080078125 0.00732421875 0.00634765625
0 0.890380859375 0.871337890625 0.00830078125 0.005859375
0 0.743408203125 0.86572265625 0.00634765625 0.00634765625
0 0.166748046875 0.434814453125 0.00634765625 0.0048828125
0 0.188232421875 0.35791015625 0.0068359375 0.005859375
0 0.3818359375 0.22119140625 0.00634765625 0.0048828125
0 0.37109375 0.49169921875 0.00537109375 0.0048828125
0 0.375244140625 0.493896484375 0.0068359375 0.0048828125
0 0.20947265625 0.1953125 0.00439453125 0.00390625
0 0.163818359375 0.167724609375 0.00390625 0.0048828125
0 0.8955078125 0.49658203125 0.0068359375 0.005859375
0 0.916259765625 0.4521484375 0.0048828125 0.00390625
0 0.71875 0.418212890625 0.00537109375 0.0048828125
0 0.4619140625 0.517822265625 0.0048828125 0.0048828125
0 0.33642578125 0.568359375 0.005859375 0.005859375
0 0.29541015625 0.57080078125 0.00537109375 0.005859375
0 0.537841796875 0.673583984375 0.00634765625 0.0048828125
0 0.604248046875 0.744873046875 0.0048828125 0.00537109375
0 0.697265625 0.6806640625 0.00537109375 0.00537109375
0 0.537841796875 0.902587890625 0.0048828125 0.00390625
0 0.624755859375 0.98095703125 0.00634765625 0.00439453125
0 0.6884765625 0.952392578125 0.00537109375 0.00390625
0 0.615234375 0.7001953125 0.005859375 0.00634765625
0 0.152587890625 0.700439453125 0.0068359375 0.00634765625
0 0.268310546875 0.69775390625 0.01123046875 0.00927734375
0 0.1337890625 0.688720703125 0.00537109375 0.00439453125
0 0.067138671875 0.628173828125 0.00341796875 0.00341796875
0 0.2919921875 0.92578125 0.0078125 0.00634765625
0 0.300537109375 0.91845703125 0.00439453125 0.00537109375
0 0.46728515625 0.6474609375 0.0048828125 0.0048828125
0 0.68212890625 0.427490234375 0.0068359375 0.0078125
0 0.61669921875 0.36572265625 0.00830078125 0.00634765625
0 0.628662109375 0.425537109375 0.0048828125 0.00439453125
0 0.30029296875 0.9423828125 0.00732421875 0.0087890625
0 0.083251953125 0.219482421875 0.00439453125 0.005859375
0 0.453125 0.73779296875 0.00439453125 0.00390625
0 0.471435546875 0.741943359375 0.0048828125 0.00439453125
0 0.60009765625 0.773193359375 0.0048828125 0.0068359375
0 0.572509765625 0.794677734375 0.00439453125 0.00390625
0 0.836181640625 0.416748046875 0.005859375 0.00537109375
0 0.835693359375 0.4228515625 0.0048828125 0.00537109375
0 0.867919921875 0.395751953125 0.00439453125 0.00537109375
0 0.876953125 0.478515625 0.00341796875 0.00341796875
0 0.698974609375 0.36669921875 0.00439453125 0.00244140625
0 0.247802734375 0.196533203125 0.00537109375 0.00439453125
0 0.27587890625 0.283203125 0.00341796875 0.00341796875
0 0.249755859375 0.779052734375 0.00341796875 0.0029296875
0 0.278076171875 0.83447265625 0.005859375 0.00537109375
0 0.134521484375 0.93115234375 0.00439453125 0.00537109375
0 0.13818359375 0.933837890625 0.0068359375 0.00390625
0 0.812255859375 0.660400390625 0.0048828125 0.00439453125
0 0.60498046875 0.842041015625 0.00537109375 0.00537109375
0 0.55029296875 0.283447265625 0.0029296875 0.00341796875
0 0.673583984375 0.3779296875 0.00439453125 0.00341796875
0 0.669677734375 0.3828125 0.0029296875 0.00244140625
0 0.77978515625 0.39892578125 0.00341796875 0.00244140625
0 0.9638671875 0.526611328125 0.00341796875 0.00341796875
0 0.951171875 0.5458984375 0.0029296875 0.00244140625
0 0.173095703125 0.8212890625 0.01171875 0.01025390625
0 0.54736328125 0.80615234375 0.005859375 0.00732421875
0 0.083984375 0.458740234375 0.00732421875 0.005859375
0 0.448486328125 0.33447265625 0.005859375 0.00634765625
0 0.456787109375 0.291748046875 0.005859375 0.00732421875
0 0.4990234375 0.298095703125 0.00390625 0.00439453125
0 0.462646484375 0.542236328125 0.00244140625 0.0029296875
0 0.4599609375 0.5546875 0.005859375 0.005859375
0 0.47412109375 0.340576171875 0.00244140625 0.0029296875
0 0.301513671875 0.672607421875 0.0048828125 0.00439453125