0 0.532958984375 0.2177734375 0.0283203125 0.02978515625
0 0.512939453125 0.23388671875 0.0263671875 0.02294921875
0 0.7333984375 0.196533203125 0.01171875 0.0107421875
0 0.746337890625 0.217041015625 0.01806640625 0.01904296875
0 0.74853515625 0.2548828125 0.01318359375 0.01318359375
0 0.370849609375 0.065185546875 0.01220703125 0.01025390625
0 0.47216796875 0.3447265625 0.0166015625 0.01611328125
0 0.484375 0.361083984375 0.01708984375 0.01904296875
0 0.53466796875 0.366943359375 0.01171875 0.01318359375
0 0.4404296875 0.3740234375 0.009765625 0.01123046875
0 0.4443359375 0.3974609375 0.02099609375 0.02099609375
0 0.57568359375 0.332763671875 0.0234375 0.025390625
0 0.571533203125 0.312255859375 0.01416015625 0.01513671875
0 0.741943359375 0.39111328125 0.0283203125 0.02392578125
0 0.722900390625 0.41357421875 0.01953125 0.02099609375
0 0.86865234375 0.4306640625 0.0185546875 0.02001953125
0 0.77294921875 0.4931640625 0.01318359375 0.0126953125
0 0.60791015625 0.55029296875 0.0107421875 0.01171875
0 0.464599609375 0.50341796875 0.025390625 0.02880859375
0 0.515625 0.585205078125 0.037109375 0.0400390625
0 0.3564453125 0.608154296875 0.02197265625 0.0224609375
0 0.208251953125 0.5166015625 0.02587890625 0.02685546875
0 0.17578125 0.5263671875 0.017578125 0.0185546875
0 0.188720703125 0.594482421875 0.0166015625 0.01611328125
0 0.3994140625 0.64990234375 0.02734375 0.02490234375
0 0.533447265625 0.64404296875 0.01611328125 0.01611328125
0 0.5634765625 0.660400390625 0.0166015625 0.0166015625
0 0.859130859375 0.687255859375 0.029296875 0.0302734375
0 0.839599609375 0.7255859375 0.02001953125 0.01953125
0 0.853271484375 0.74560546875 0.02197265625 0.0205078125
0 0.80615234375 0.758544921875 0.01708984375 0.02294921875
0 0.826904296875 0.762939453125 0.0224609375 0.02294921875
0 0.736328125 0.78759765625 0.021484375 0.021484375
0 0.581787109375 0.807861328125 0.025390625 0.02685546875
0 0.5322265625 0.807861328125 0.01708984375 0.017578125
0 0.483154296875 0.815673828125 0.025390625 0.0224609375
0 0.359130859375 0.784912109375 0.01708984375 0.01611328125
0 0.28759765625 0.860595703125 0.05078125 0.048828125
0 0.206298828125 0.8544921875 0.048828125 0.04638671875
0 0.189453125 0.888671875 0.02587890625 0.02294921875
0 0.239501953125 0.9091796875 0.06884765625 0.06494140625
0 0.352783203125 0.90283203125 0.017578125 0.01953125
0 0.289306640625 0.799560546875 0.01171875 0.0107421875
0 0.16259765625 0.965087890625 0.02197265625 0.02197265625
0 0.54443359375 0.91259765625 0.02880859375 0.0283203125
0 0.665283203125 0.911865234375 0.02001953125 0.02197265625
0 0.68603515625 0.883056640625 0.0205078125 0.02197265625
0 0.705810546875 0.968505859375 0.0234375 0.02294921875
0 0.166748046875 0.232177734375 0.009765625 0.01123046875
0 0.084716796875 0.264404296875 0.0146484375 0.01171875
0 0.058349609375 0.357666015625 0.01171875 0.0087890625
0 0.739990234375 0.68408203125 0.0087890625 0.009765625
0 0.801513671875 0.75146484375 0.021484375 0.02001953125
0 0.1806640625 0.845458984375 0.01904296875 0.01708984375
0 0.815673828125 0.962158203125 0.0078125 0.0107421875
0 0.87939453125 0.843505859375 0.0087890625 0.0087890625
0 0.873291015625 0.85546875 0.00830078125 0.0087890625
0 0.66162109375 0.53857421875 0.00927734375 0.0087890625
0 0.74609375 0.124755859375 0.01025390625 0.00927734375
0 0.6767578125 0.634765625 0.0087890625 0.01025390625
0 0.79541015625 0.3466796875 0.0087890625 0.00732421875
0 0.282470703125 0.883544921875 0.02734375 0.03076171875
0 0.68115234375 0.407958984375 0.00830078125 0.0078125
0 0.7953369140625 0.3258837890625 0.0115087890625 0.010771484375