0 0.409912109375 0.028076171875 0.00830078125 0.00732421875
0 0.120849609375 0.635986328125 0.009765625 0.009765625
0 0.267578125 0.57275390625 0.0078125 0.00732421875
0 0.39501953125 0.57470703125 0.01220703125 0.015625
0 0.27587890625 0.309326171875 0.0087890625 0.0087890625
0 0.75146484375 0.561279296875 0.0087890625 0.0078125
0 0.32568359375 0.04541015625 0.00732421875 0.00830078125
0 0.019775390625 0.0244140625 0.0107421875 0.01025390625
0 0.5439453125 0.158447265625 0.0078125 0.00634765625
0 0.22412109375 0.02685546875 0.0068359375 0.00634765625
0 0.49267578125 0.660400390625 0.01953125 0.01806640625
0 0.666748046875 0.420654296875 0.0068359375 0.0068359375
0 0.2724609375 0.06884765625 0.0087890625 0.0078125
0 0.20556640625 0.287109375 0.0078125 0.005859375
0 0.6357421875 0.97900390625 0.0078125 0.0068359375
0 0.486572265625 0.470947265625 0.0078125 0.00732421875
0 0.589599609375 0.1298828125 0.005859375 0.0068359375
0 0.378173828125 0.435546875 0.0068359375 0.0078125
0 0.329833984375 0.26953125 0.009765625 0.01025390625
0 0.542236328125 0.647216796875 0.00830078125 0.00830078125
0 0.525390625 0.02978515625 0.00732421875 0.0078125
0 0.714111328125 0.61083984375 0.0107421875 0.0126953125
0 0.461669921875 0.42041015625 0.01171875 0.01123046875
0 0.08935546875 0.3837890625 0.0078125 0.00732421875
0 0.51171875 0.74560546875 0.0078125 0.0087890625
0 0.244873046875 0.43896484375 0.0087890625 0.0087890625
0 0.65087890625 0.90478515625 0.00537109375 0.00537109375
0 0.7119140625 0.556396484375 0.01220703125 0.01123046875
0 0.155517578125 0.013427734375 0.0126953125 0.01416015625
0 0.5244140625 0.28369140625 0.00732421875 0.0087890625
0 0.71240234375 0.838134765625 0.009765625 0.009765625
0 0.34033203125 0.756591796875 0.00927734375 0.01025390625
0 0.50830078125 0.720703125 0.00634765625 0.005859375
0 0.56103515625 0.95166015625 0.0068359375 0.00634765625
0 0.665771484375 0.807373046875 0.0068359375 0.0068359375
0 0.630615234375 0.713623046875 0.0068359375 0.00732421875
0 0.06103515625 0.25390625 0.00634765625 0.00634765625
0 0.680908203125 0.623291015625 0.009765625 0.009765625
0 0.196533203125 0.739013671875 0.00830078125 0.00634765625
0 0.535400390625 0.36962890625 0.00830078125 0.00634765625
0 0.470703125 0.574951171875 0.0107421875 0.0087890625
0 0.368896484375 0.7392578125 0.00927734375 0.0078125
0 0.48193359375 0.025146484375 0.0078125 0.0078125
0 0.813232421875 0.572021484375 0.01025390625 0.0078125
0 0.029052734375 0.602294921875 0.00927734375 0.009765625
0 0.7958984375 0.69970703125 0.01171875 0.01318359375
0 0.607421875 0.75927734375 0.00927734375 0.009765625
0 0.681640625 0.737060546875 0.0126953125 0.013671875
0 0.622314453125 0.356689453125 0.0068359375 0.00830078125
0 0.557861328125 0.59228515625 0.0068359375 0.0078125
0 0.584716796875 0.69482421875 0.01123046875 0.00830078125
0 0.73876953125 0.682861328125 0.00830078125 0.00732421875
0 0.136962890625 0.11474609375 0.00732421875 0.00732421875
0 0.0107421875 0.372314453125 0.005859375 0.005859375
0 0.462646484375 0.319580078125 0.00830078125 0.01123046875
0 0.082275390625 0.536865234375 0.0078125 0.0078125
0 0.22998046875 0.087158203125 0.0068359375 0.0068359375
0 0.223876953125 0.435791015625 0.0087890625 0.00927734375
0 0.547607421875 0.665283203125 0.0087890625 0.00830078125
0 0.51611328125 0.321044921875 0.01025390625 0.0087890625
0 0.029052734375 0.041015625 0.00830078125 0.0068359375
0 0.2119140625 0.21435546875 0.0205078125 0.01953125
0 0.70458984375 0.195556640625 0.0048828125 0.0048828125
0 0.511474609375 0.61083984375 0.009765625 0.009765625
0 0.039306640625 0.23583984375 0.00927734375 0.0087890625
0 0.134521484375 0.762451171875 0.00732421875 0.00634765625
0 0.375732421875 0.628173828125 0.00830078125 0.0078125
0 0.1435546875 0.480224609375 0.00634765625 0.00634765625
0 0.154052734375 0.30078125 0.0078125 0.0078125
0 0.351318359375 0.4287109375 0.0107421875 0.01025390625
0 0.527099609375 0.212646484375 0.00732421875 0.00634765625
0 0.290283203125 0.559326171875 0.0068359375 0.00634765625
0 0.424560546875 0.282470703125 0.01171875 0.01220703125
0 0.580078125 0.294677734375 0.00927734375 0.01025390625
0 0.441650390625 0.5498046875 0.0078125 0.0087890625
0 0.25341796875 0.503173828125 0.009765625 0.01025390625
0 0.488525390625 0.09521484375 0.00634765625 0.0068359375
0 0.80810546875 0.92529296875 0.0068359375 0.00634765625
0 0.43603515625 0.53515625 0.00927734375 0.0126953125
0 0.693359375 0.109619140625 0.01025390625 0.00927734375
0 0.415283203125 0.77783203125 0.00732421875 0.00927734375
0 0.6982421875 0.654052734375 0.0078125 0.00732421875
0 0.412109375 0.105224609375 0.00830078125 0.00830078125
0 0.580078125 0.5966796875 0.01123046875 0.009765625
0 0.68798828125 0.674072265625 0.00830078125 0.0078125
0 0.54736328125 0.222900390625 0.0107421875 0.0107421875
0 0.63525390625 0.73291015625 0.0087890625 0.009765625
0 0.454833984375 0.861083984375 0.00830078125 0.0078125
0 0.58154296875 0.889892578125 0.00830078125 0.01171875
0 0.443359375 0.199462890625 0.0107421875 0.00927734375
0 0.268798828125 0.62451171875 0.00634765625 0.0068359375
0 0.473876953125 0.739501953125 0.0078125 0.00732421875
0 0.214111328125 0.3212890625 0.0068359375 0.00732421875
0 0.802734375 0.599365234375 0.0107421875 0.0078125
0 0.16015625 0.74267578125 0.009765625 0.0107421875
0 0.63037109375 0.784912109375 0.0048828125 0.00537109375
0 0.11279296875 0.305419921875 0.0068359375 0.005859375
0 0.48828125 0.334228515625 0.0068359375 0.00830078125
0 0.533935546875 0.462646484375 0.0068359375 0.0048828125
0 0.470703125 0.251708984375 0.009765625 0.009765625
0 0.101806640625 0.2685546875 0.01220703125 0.01171875
0 0.611083984375 0.490478515625 0.005859375 0.005859375
0 0.54296875 0.591552734375 0.00830078125 0.00927734375
0 0.01708984375 0.527099609375 0.0078125 0.00830078125
0 0.343017578125 0.155029296875 0.00927734375 0.009765625
0 0.44677734375 0.316162109375 0.005859375 0.0078125
0 0.385009765625 0.76513671875 0.0126953125 0.01220703125
0 0.096923828125 0.3994140625 0.0068359375 0.0068359375
0 0.27001953125 0.13671875 0.01171875 0.00927734375
0 0.25537109375 0.089599609375 0.00830078125 0.0078125
0 0.68310546875 0.901123046875 0.005859375 0.00634765625
0 0.147216796875 0.08203125 0.00927734375 0.005859375
0 0.3505859375 0.312255859375 0.0068359375 0.0078125
0 0.604736328125 0.879638671875 0.01123046875 0.0087890625
0 0.292236328125 0.281982421875 0.0078125 0.0078125
0 0.04541015625 0.154541015625 0.00537109375 0.0048828125
0 0.537353515625 0.567138671875 0.00634765625 0.005859375
0 0.457763671875 0.188232421875 0.0107421875 0.009765625
0 0.482421875 0.23876953125 0.00927734375 0.0087890625
0 0.255615234375 0.319091796875 0.00830078125 0.00830078125
0 0.689453125 0.194091796875 0.01025390625 0.01171875
0 0.113525390625 0.283935546875 0.005859375 0.005859375
0 0.263916015625 0.5302734375 0.01025390625 0.009765625
0 0.427978515625 0.79638671875 0.0068359375 0.00732421875
0 0.092041015625 0.6767578125 0.005859375 0.005859375
0 0.099853515625 0.5224609375 0.00634765625 0.00634765625
0 0.2060546875 0.18212890625 0.00537109375 0.00537109375
0 0.37939453125 0.693359375 0.00927734375 0.0087890625
0 0.310302734375 0.5966796875 0.005859375 0.00537109375
0 0.502197265625 0.35009765625 0.00830078125 0.0087890625
0 0.482421875 0.309326171875 0.00537109375 0.005859375
0 0.53271484375 0.5146484375 0.0068359375 0.00634765625
0 0.498291015625 0.404296875 0.009765625 0.0087890625
0 0.71533203125 0.974365234375 0.0068359375 0.0068359375
0 0.61181640625 0.819091796875 0.005859375 0.005859375
0 0.3857421875 0.182373046875 0.00537109375 0.0048828125
0 0.637939453125 0.484375 0.005859375 0.005859375
0 0.401611328125 0.7314453125 0.00732421875 0.0068359375
0 0.732421875 0.823486328125 0.00732421875 0.00732421875
0 0.53271484375 0.653076171875 0.0087890625 0.009765625
0 0.1923828125 0.405517578125 0.0087890625 0.0087890625
0 0.248291015625 0.069580078125 0.0068359375 0.0048828125
0 0.328125 0.61865234375 0.0068359375 0.00830078125
0 0.63671875 0.802978515625 0.00732421875 0.005859375
0 0.21728515625 0.17578125 0.0087890625 0.00830078125
0 0.493408203125 0.021240234375 0.00634765625 0.005859375
0 0.50732421875 0.475341796875 0.009765625 0.01171875
0 0.44189453125 0.528564453125 0.009765625 0.0126953125
0 0.258056640625 0.1630859375 0.00830078125 0.0068359375
0 0.2490234375 0.29248046875 0.00537109375 0.0068359375
0 0.3134765625 0.31494140625 0.0078125 0.0087890625
0 0.162353515625 0.05078125 0.0078125 0.005859375
0 0.3486328125 0.126953125 0.00634765625 0.005859375
0 0.194091796875 0.430908203125 0.01123046875 0.01318359375
0 0.026123046875 0.657958984375 0.00537109375 0.0048828125
0 0.416748046875 0.319580078125 0.00634765625 0.00634765625
0 0.3564453125 0.25732421875 0.005859375 0.0068359375
0 0.46630859375 0.142822265625 0.00390625 0.00439453125
0 0.2568359375 0.657470703125 0.025390625 0.03173828125
0 0.2509765625 0.489501953125 0.00927734375 0.00927734375
0 0.40185546875 0.44775390625 0.00830078125 0.0078125
0 0.69677734375 0.17236328125 0.00830078125 0.0068359375
0 0.010498046875 0.7197265625 0.00634765625 0.0068359375
0 0.192626953125 0.142333984375 0.00732421875 0.0068359375
0 0.714599609375 0.875732421875 0.0078125 0.00830078125
0 0.437255859375 0.45361328125 0.01220703125 0.0126953125
0 0.426025390625 0.474365234375 0.00830078125 0.0087890625
0 0.323974609375 0.32470703125 0.00537109375 0.00634765625
0 0.249267578125 0.35791015625 0.005859375 0.00537109375
0 0.7021484375 0.639404296875 0.00634765625 0.0068359375
0 0.619140625 0.2724609375 0.00537109375 0.00537109375
0 0.542236328125 0.618896484375 0.01171875 0.0126953125
0 0.607177734375 0.08544921875 0.005859375 0.005859375
0 0.243408203125 0.01953125 0.00732421875 0.00634765625
0 0.095947265625 0.277099609375 0.009765625 0.0087890625
0 0.392578125 0.131591796875 0.0068359375 0.00732421875
0 0.598876953125 0.63671875 0.0087890625 0.00830078125
0 0.7900390625 0.57177734375 0.0068359375 0.00732421875
0 0.248046875 0.46142578125 0.01025390625 0.0068359375
0 0.688720703125 0.048828125 0.005859375 0.005859375
0 0.11572265625 0.377197265625 0.005859375 0.00634765625
0 0.6357421875 0.864013671875 0.0107421875 0.01025390625
0 0.19287109375 0.1494140625 0.01025390625 0.0087890625
0 0.101318359375 0.072021484375 0.0107421875 0.0078125
0 0.748779296875 0.752197265625 0.0078125 0.01025390625
0 0.1845703125 0.60888671875 0.00634765625 0.00634765625
0 0.372802734375 0.004638671875 0.0126953125 0.00927734375
0 0.177734375 0.324951171875 0.00732421875 0.00732421875
0 0.4326171875 0.55712890625 0.00732421875 0.00634765625
0 0.4755859375 0.097412109375 0.01025390625 0.009765625
0 0.4423828125 0.474853515625 0.0078125 0.0068359375
0 0.467529296875 0.11181640625 0.0048828125 0.0048828125
0 0.271484375 0.2587890625 0.01708984375 0.01318359375
0 0.49365234375 0.606201171875 0.0078125 0.00634765625
0 0.51416015625 0.73095703125 0.00634765625 0.0068359375
0 0.61474609375 0.2255859375 0.00634765625 0.00634765625
0 0.232666015625 0.324462890625 0.005859375 0.005859375
0 0.416748046875 0.030029296875 0.005859375 0.00537109375
0 0.424560546875 0.1943359375 0.01123046875 0.0126953125
0 0.5380859375 0.494140625 0.00732421875 0.00927734375
0 0.41552734375 0.58154296875 0.009765625 0.01123046875
0 0.61962890625 0.931640625 0.0048828125 0.00537109375
0 0.22216796875 0.308837890625 0.0068359375 0.0068359375
0 0.50927734375 0.416015625 0.00732421875 0.00830078125
0 0.221435546875 0.52392578125 0.00537109375 0.00634765625
0 0.605224609375 0.803466796875 0.00537109375 0.005859375
0 0.67724609375 0.853271484375 0.00390625 0.00537109375
0 0.601318359375 0.30908203125 0.01123046875 0.00927734375
0 0.708984375 0.657958984375 0.0068359375 0.00634765625
0 0.088623046875 0.490966796875 0.00732421875 0.0078125
0 0.12451171875 0.036865234375 0.0048828125 0.00732421875
0 0.37451171875 0.08349609375 0.0078125 0.0068359375
0 0.2802734375 0.435546875 0.00537109375 0.0048828125
0 0.67626953125 0.13330078125 0.005859375 0.00732421875
0 0.48876953125 0.721435546875 0.0048828125 0.00537109375
0 0.17236328125 0.308837890625 0.0068359375 0.0068359375
0 0.49462890625 0.203369140625 0.0087890625 0.00830078125
0 0.495849609375 0.673583984375 0.00830078125 0.00830078125
0 0.6318359375 0.632080078125 0.00732421875 0.00830078125
0 0.539306640625 0.015380859375 0.00927734375 0.0078125
0 0.39404296875 0.145263671875 0.0068359375 0.0068359375
0 0.5595703125 0.245849609375 0.005859375 0.005859375
0 0.563720703125 0.665771484375 0.00537109375 0.0068359375
0 0.494384765625 0.47412109375 0.005859375 0.0068359375
0 0.119140625 0.506591796875 0.00390625 0.00390625
0 0.367919921875 0.28466796875 0.00634765625 0.0068359375
0 0.225341796875 0.3642578125 0.00537109375 0.00439453125
0 0.57275390625 0.21826171875 0.00732421875 0.0078125
0 0.705322265625 0.791259765625 0.00341796875 0.00390625
0 0.558349609375 0.70361328125 0.00634765625 0.00732421875
0 0.144287109375 0.456298828125 0.005859375 0.00439453125
0 0.615966796875 0.953125 0.01318359375 0.01220703125
0 0.537841796875 0.557861328125 0.00830078125 0.01025390625
0 0.740234375 0.986328125 0.005859375 0.0048828125
0 0.625732421875 0.639892578125 0.0078125 0.00830078125
0 0.047119140625 0.519775390625 0.0078125 0.0068359375
0 0.38720703125 0.00341796875 0.0048828125 0.00634765625
0 0.619140625 0.116943359375 0.00732421875 0.005859375
0 0.690185546875 0.01513671875 0.00439453125 0.0048828125
0 0.303466796875 0.611083984375 0.00927734375 0.00927734375
0 0.4345703125 0.59521484375 0.00634765625 0.0068359375
0 0.47998046875 0.2578125 0.00830078125 0.0087890625
0 0.356201171875 0.39306640625 0.00634765625 0.0068359375
0 0.013427734375 0.046875 0.00537109375 0.005859375
0 0.202392578125 0.29931640625 0.0087890625 0.009765625
0 0.721435546875 0.813720703125 0.0087890625 0.0078125
0 0.4951171875 0.072509765625 0.005859375 0.00439453125
0 0.753662109375 0.03759765625 0.00341796875 0.00439453125
0 0.173583984375 0.111328125 0.0048828125 0.00537109375
0 0.433837890625 0.156982421875 0.0068359375 0.00732421875
0 0.55615234375 0.267578125 0.0068359375 0.0068359375
0 0.55322265625 0.078125 0.00830078125 0.00634765625
0 0.084716796875 0.657958984375 0.0048828125 0.005859375
0 0.7109375 0.718017578125 0.00634765625 0.0068359375
0 0.67578125 0.052490234375 0.01123046875 0.005859375
0 0.19873046875 0.523681640625 0.0068359375 0.0078125
0 0.388671875 0.712646484375 0.0048828125 0.005859375
0 0.53857421875 0.6865234375 0.005859375 0.00537109375
0 0.323974609375 0.21484375 0.00634765625 0.005859375
0 0.231201171875 0.74267578125 0.00732421875 0.00634765625
0 0.43896484375 0.480224609375 0.00732421875 0.0068359375
0 0.501220703125 0.438720703125 0.00634765625 0.00634765625
0 0.164794921875 0.6640625 0.00830078125 0.00830078125
0 0.58056640625 0.730224609375 0.0048828125 0.00439453125
0 0.48681640625 0.28076171875 0.00537109375 0.005859375
0 0.07666015625 0.071044921875 0.0078125 0.0068359375
0 0.6259765625 0.657958984375 0.0048828125 0.005859375
0 0.78369140625 0.56298828125 0.00732421875 0.0068359375
0 0.53466796875 0.6171875 0.009765625 0.009765625
0 0.34765625 0.02197265625 0.0048828125 0.0048828125
0 0.1396484375 0.06201171875 0.00537109375 0.00439453125
0 0.243896484375 0.66796875 0.02685546875 0.02978515625
0 0.78515625 0.634521484375 0.00439453125 0.00439453125
0 0.16357421875 0.72509765625 0.00537109375 0.00439453125
0 0.4072265625 0.049560546875 0.0068359375 0.00537109375
0 0.556640625 0.333984375 0.00390625 0.00439453125
0 0.6708984375 0.003173828125 0.00634765625 0.0048828125
0 0.53173828125 0.0498046875 0.00927734375 0.00439453125
0 0.409912109375 0.1259765625 0.0068359375 0.00732421875
0 0.65087890625 0.88134765625 0.00634765625 0.005859375
0 0.064697265625 0.79931640625 0.005859375 0.00537109375
0 0.649658203125 0.75830078125 0.0048828125 0.00439453125
0 0.416748046875 0.470703125 0.00537109375 0.00390625
0 0.272705078125 0.472900390625 0.00634765625 0.005859375
0 0.574951171875 0.6220703125 0.00634765625 0.005859375
0 0.155029296875 0.791259765625 0.00390625 0.00439453125
0 0.60302734375 0.323974609375 0.0068359375 0.0068359375
0 0.061767578125 0.664306640625 0.00830078125 0.00830078125
0 0.624755859375 0.956787109375 0.0107421875 0.01025390625
0 0.413330078125 0.729248046875 0.0087890625 0.00830078125
0 0.6982421875 0.216064453125 0.00537109375 0.00439453125
0 0.712646484375 0.859130859375 0.009765625 0.00830078125
0 0.168701171875 0.539794921875 0.00537109375 0.00537109375
0 0.034912109375 0.662841796875 0.00439453125 0.00439453125
0 0.4697265625 0.298583984375 0.005859375 0.0068359375
0 0.2587890625 0.545166015625 0.00537109375 0.0048828125
0 0.249267578125 0.056640625 0.00634765625 0.00439453125
0 0.5068359375 0.5791015625 0.00732421875 0.0068359375
0 0.486572265625 0.189208984375 0.0107421875 0.0107421875
0 0.200439453125 0.430908203125 0.009765625 0.00830078125
0 0.087646484375 0.05615234375 0.00732421875 0.0048828125
0 0.007080078125 0.736572265625 0.00634765625 0.00732421875
0 0.628662109375 0.852294921875 0.005859375 0.00390625
0 0.299072265625 0.014404296875 0.00390625 0.00390625
0 0.802734375 0.683837890625 0.00439453125 0.00390625
0 0.00830078125 0.082275390625 0.0068359375 0.00439453125
0 0.5791015625 0.16015625 0.005859375 0.0048828125
0 0.55908203125 0.850830078125 0.00390625 0.0048828125
0 0.733642578125 0.98046875 0.00439453125 0.00537109375
0 0.79638671875 0.581298828125 0.00634765625 0.00537109375
0 0.05322265625 0.087158203125 0.005859375 0.00439453125
0 0.513916015625 0.761962890625 0.00439453125 0.00439453125
0 0.320556640625 0.142333984375 0.00830078125 0.0078125
0 0.224365234375 0.719482421875 0.005859375 0.00634765625
0 0.42578125 0.349853515625 0.00537109375 0.0048828125
0 0.6884765625 0.8427734375 0.005859375 0.00439453125
0 0.493408203125 0.05419921875 0.00732421875 0.005859375
0 0.654052734375 0.5966796875 0.00341796875 0.0048828125
0 0.42333984375 0.3349609375 0.00390625 0.00634765625
0 0.3173828125 0.222412109375 0.00537109375 0.0048828125
0 0.33642578125 0.197021484375 0.005859375 0.005859375
0 0.092041015625 0.47705078125 0.005859375 0.00537109375
0 0.178955078125 0.31640625 0.00732421875 0.0078125
0 0.19287109375 0.35888671875 0.005859375 0.00634765625
0 0.537841796875 0.133544921875 0.005859375 0.00537109375
0 0.257568359375 0.1337890625 0.01220703125 0.00732421875
0 0.2998046875 0.599609375 0.005859375 0.005859375
0 0.44091796875 0.609130859375 0.0078125 0.00830078125
0 0.4609375 0.22802734375 0.005859375 0.00732421875
0 0.3671875 0.14892578125 0.00537109375 0.00537109375
0 0.329345703125 0.208984375 0.00634765625 0.005859375
0 0.49609375 0.6162109375 0.0078125 0.0078125
0 0.372802734375 0.58056640625 0.0048828125 0.00439453125
0 0.1005859375 0.53857421875 0.00537109375 0.00634765625
0 0.54443359375 0.289794921875 0.0078125 0.0078125
0 0.70361328125 0.068359375 0.00732421875 0.0048828125
0 0.741455078125 0.5048828125 0.0078125 0.0078125
0 0.474853515625 0.08740234375 0.0068359375 0.005859375
0 0.233154296875 0.48974609375 0.00439453125 0.00537109375
0 0.255126953125 0.046875 0.00732421875 0.0068359375
0 0.306396484375 0.547119140625 0.00634765625 0.0068359375
0 0.335693359375 0.084716796875 0.005859375 0.00537109375
0 0.642333984375 0.861328125 0.0068359375 0.0068359375
0 0.322021484375 0.723876953125 0.00439453125 0.00390625
0 0.563720703125 0.5791015625 0.00634765625 0.00634765625
0 0.595458984375 0.20654296875 0.00537109375 0.00537109375
0 0.177734375 0.40283203125 0.00537109375 0.005859375
0 0.19482421875 0.381591796875 0.0048828125 0.00537109375
0 0.20947265625 0.19580078125 0.00537109375 0.00537109375
0 0.373046875 0.1865234375 0.005859375 0.00439453125
0 0.18701171875 0.39501953125 0.0048828125 0.00537109375
0 0.726806640625 0.657470703125 0.00732421875 0.00634765625
0 0.336181640625 0.1015625 0.00537109375 0.00634765625
0 0.6015625 0.195068359375 0.005859375 0.005859375
0 0.427978515625 0.234130859375 0.0087890625 0.0087890625
0 0.249755859375 0.160400390625 0.00634765625 0.00634765625
0 0.55517578125 0.615478515625 0.00537109375 0.00537109375
0 0.55517578125 0.03759765625 0.00341796875 0.00537109375
0 0.477783203125 0.3603515625 0.00537109375 0.0048828125
0 0.551513671875 0.46630859375 0.00390625 0.00390625
0 0.16015625 0.086669921875 0.00537109375 0.00537109375
0 0.4580078125 0.752685546875 0.00537109375 0.0068359375
0 0.34619140625 0.7109375 0.00537109375 0.0048828125
0 0.425537109375 0.456298828125 0.00634765625 0.00439453125
0 0.06982421875 0.800537109375 0.0068359375 0.0087890625
0 0.553955078125 0.24267578125 0.00537109375 0.005859375
0 0.44140625 0.617431640625 0.0048828125 0.005859375
0 0.530517578125 0.352294921875 0.005859375 0.0048828125
0 0.15283203125 0.466064453125 0.00537109375 0.00439453125
0 0.71826171875 0.8701171875 0.00634765625 0.005859375
0 0.0390625 0.171630859375 0.00634765625 0.00537109375
0 0.620849609375 0.8369140625 0.00390625 0.00439453125
0 0.319091796875 0.591796875 0.005859375 0.00537109375
0 0.10107421875 0.6162109375 0.00390625 0.00439453125
0 0.308837890625 0.080322265625 0.00390625 0.0029296875
0 0.02734375 0.501220703125 0.00439453125 0.00390625
0 0.513427734375 0.052978515625 0.00439453125 0.0029296875
0 0.493408203125 0.122802734375 0.00390625 0.00537109375
0 0.59814453125 0.630126953125 0.0048828125 0.00439453125
0 0.376708984375 0.164794921875 0.0048828125 0.00537109375
0 0.500244140625 0.412841796875 0.005859375 0.0068359375
0 0.663330078125 0.8984375 0.0048828125 0.00439453125
0 0.203125 0.506591796875 0.0048828125 0.0048828125
0 0.6162109375 0.662841796875 0.00390625 0.0029296875
0 0.09423828125 0.764892578125 0.00390625 0.00390625
0 0.376708984375 0.18310546875 0.0048828125 0.00390625
0 0.820556640625 0.614013671875 0.00537109375 0.00537109375
0 0.25390625 0.642333984375 0.01025390625 0.0087890625
0 0.140869140625 0.656982421875 0.0048828125 0.00439453125
0 0.525390625 0.336669921875 0.00341796875 0.0048828125
0 0.230712890625 0.171630859375 0.00439453125 0.00537109375
0 0.305419921875 0.62841796875 0.00439453125 0.0048828125
0 0.007080078125 0.70849609375 0.00439453125 0.0048828125
0 0.2041015625 0.29541015625 0.0087890625 0.009765625
0 0.08740234375 0.457763671875 0.00634765625 0.00439453125
0 0.7470703125 0.883544921875 0.0048828125 0.00439453125
0 0.1103515625 0.60595703125 0.0048828125 0.0048828125
0 0.455810546875 0.813720703125 0.005859375 0.005859375
0 0.51513671875 0.188232421875 0.00634765625 0.0048828125
0 0.5078125 0.267333984375 0.00537109375 0.0048828125
0 0.5390625 0.074462890625 0.00634765625 0.00439453125
0 0.491455078125 0.680908203125 0.00439453125 0.00439453125
0 0.2763671875 0.162353515625 0.00341796875 0.00390625
0 0.451171875 0.23291015625 0.0048828125 0.0048828125
0 0.571044921875 0.009765625 0.00439453125 0.00439453125
0 0.650146484375 0.985595703125 0.00341796875 0.00341796875
0 0.760498046875 0.838623046875 0 0.00048828125
0 0.499755859375 0.570556640625 0.0048828125 0.00439453125
0 0.57177734375 0.6376953125 0.00341796875 0.00439453125
0 0.468994140625 0.436279296875 0.00341796875 0.00390625
0 0.4521484375 0.469482421875 0.00390625 0.0048828125
0 0.46044921875 0.384521484375 0.00439453125 0.0048828125
0 0.706787109375 0.192138671875 0.0068359375 0.00537109375
0 0.539306640625 0.200439453125 0.0048828125 0.0048828125
0 0.544189453125 0.202880859375 0.00244140625 0.00244140625
0 0.29638671875 0.2109375 0.00537109375 0.0048828125
0 0.265625 0.255126953125 0.0068359375 0.00537109375
0 0.275634765625 0.250732421875 0.0068359375 0.0048828125
0 0.275390625 0.265380859375 0.0068359375 0.0048828125
0 0.526123046875 0.28662109375 0.005859375 0.005859375
0 0.561279296875 0.08203125 0.00390625 0.00341796875
0 0.34423828125 0.1201171875 0.005859375 0.00341796875
0 0.41162109375 0.08642578125 0.00732421875 0.0048828125
0 0.49560546875 0.068115234375 0.00390625 0.00341796875
0 0.53564453125 0.056640625 0.0029296875 0.00390625
0 0.380615234375 0.1640625 0.00390625 0.00390625
0 0.11474609375 0.5537109375 0.0029296875 0.00341796875
0 0.233154296875 0.3583984375 0.00390625 0.00439453125
0 0.209228515625 0.314453125 0.0048828125 0.00390625
0 0.639892578125 0.488037109375 0.00634765625 0.005859375
0 0.705078125 0.6806640625 0.00439453125 0.00390625
0 0.69921875 0.6474609375 0.00390625 0.00390625
0 0.765380859375 0.645751953125 0.00390625 0.00390625
0 0.70703125 0.65478515625 0.0029296875 0.00244140625
0 0.6220703125 0.75439453125 0.00390625 0.0048828125
0 0.601318359375 0.84716796875 0.00341796875 0.0029296875
0 0.725341796875 0.84375 0.00537109375 0.00439453125
0 0.71630859375 0.980712890625 0.00341796875 0.00341796875
0 0.68798828125 0.905517578125 0.00341796875 0.00341796875
0 0.343994140625 0.5966796875 0.00390625 0.00439453125
0 0.37744140625 0.578857421875 0.00439453125 0.00390625
0 0.297607421875 0.5478515625 0.0029296875 0.00439453125
0 0.29052734375 0.563720703125 0.0048828125 0.00439453125
0 0.05224609375 0.58056640625 0.00439453125 0.00537109375
0 0.01318359375 0.71044921875 0.00341796875 0.00341796875
0 0.010498046875 0.037841796875 0.00341796875 0.00341796875
0 0.2607421875 0.157958984375 0.01123046875 0.0087890625
0 0.2041015625 0.2001953125 0.00390625 0.00341796875
0 0.18798828125 0.30322265625 0.00634765625 0.00537109375
0 0.18505859375 0.61328125 0.00537109375 0.00537109375
0 0.240234375 0.718994140625 0.00341796875 0.00390625
0 0.2275390625 0.73876953125 0.00439453125 0.00439453125
0 0.197265625 0.7431640625 0.0068359375 0.00634765625
0 0.477783203125 0.869873046875 0.00390625 0.00537109375
0 0.480712890625 0.8359375 0.00537109375 0.00634765625
0 0.4775390625 0.810302734375 0.00439453125 0.0048828125
0 0.4365234375 0.77685546875 0.00439453125 0.0048828125
0 0.533935546875 0.787841796875 0.00244140625 0.00244140625
0 0.5361328125 0.7890625 0.001953125 0.0009765625
0 0.511962890625 0.72265625 0.0068359375 0.00732421875
0 0.392822265625 0.7099609375 0.00390625 0.00439453125
0 0.788818359375 0.667236328125 0.00341796875 0.0029296875
0 0.671142578125 0.602783203125 0.00341796875 0.00390625
0 0.718017578125 0.570556640625 0.0029296875 0.00244140625
0 0.359130859375 0.4658203125 0.0048828125 0.00439453125
0 0.36181640625 0.3818359375 0.0029296875 0.0048828125
0 0.341796875 0.372314453125 0.00341796875 0.00341796875
0 0.41162109375 0.35107421875 0.00537109375 0.00634765625
0 0.382080078125 0.22265625 0.0048828125 0.00537109375
0 0.497314453125 0.190185546875 0.00390625 0.0048828125
0 0.395263671875 0.064697265625 0.00537109375 0.00439453125
0 0.44970703125 0.002685546875 0.00341796875 0.00244140625
0 0.686279296875 0.592529296875 0.00341796875 0.0029296875
0 0.678955078125 0.572021484375 0.00341796875 0.00244140625
0 0.677490234375 0.5654296875 0.00244140625 0.00341796875
0 0.51025390625 0.2900390625 0.0029296875 0.0029296875
0 0.48876953125 0.320068359375 0.001953125 0.00244140625
0 0.48779296875 0.458251953125 0.0029296875 0.0029296875
0 0.344482421875 0.62255859375 0.00537109375 0.0048828125
0 0.330810546875 0.623291015625 0.00634765625 0.0087890625
0 0.607421875 0.29443359375 0.0068359375 0.00732421875
0 0.56298828125 0.300537109375 0.00830078125 0.00732421875
0 0.270263671875 0.009033203125 0.0048828125 0.0048828125
0 0.108642578125 0.053466796875 0.00341796875 0.0029296875
0 0.114501953125 0.055908203125 0.00244140625 0.001953125
0 0.03466796875 0.839111328125 0.00390625 0.00390625
0 0.039794921875 0.82958984375 0.0029296875 0.00390625