0 0.07763671875 0.801513671875 0.05078125 0.05224609375
0 0.075439453125 0.480224609375 0.01708984375 0.015625
0 0.251708984375 0.182373046875 0.01708984375 0.015625
0 0.02099609375 0.80322265625 0.0078125 0.0087890625
0 0.1357421875 0.02099609375 0.01611328125 0.0146484375
0 0.494140625 0.466064453125 0.01708984375 0.01513671875
0 0.747802734375 0.348876953125 0.01904296875 0.01708984375
0 0.1259765625 0.14599609375 0.01318359375 0.0126953125
0 0.331298828125 0.558837890625 0.00927734375 0.009765625
0 0.098876953125 0.858642578125 0.03369140625 0.02978515625
0 0.220458984375 0.484619140625 0.01953125 0.02099609375
0 0.109619140625 0.73828125 0.0126953125 0.01220703125
0 0.265380859375 0.57958984375 0.02001953125 0.0224609375
0 0.530517578125 0.389404296875 0.02734375 0.0263671875
0 0.41552734375 0.110595703125 0.0087890625 0.0087890625
0 0.1728515625 0.49072265625 0.0126953125 0.01220703125
0 0.1689453125 0.528564453125 0.0205078125 0.0205078125
0 0.5146484375 0.457275390625 0.015625 0.013671875
0 0.252685546875 0.758056640625 0.01513671875 0.0146484375
0 0.1396484375 0.788330078125 0.00927734375 0.00927734375
0 0.512451171875 0.084716796875 0.01953125 0.021484375
0 0.15087890625 0.348388671875 0.009765625 0.00927734375
0 0.3515625 0.75537109375 0.01708984375 0.01708984375
0 0.256103515625 0.785400390625 0.0146484375 0.0185546875
0 0.36328125 0.63427734375 0.015625 0.015625
0 0.190185546875 0.48779296875 0.02001953125 0.017578125
0 0.123291015625 0.868896484375 0.0107421875 0.01025390625
0 0.549072265625 0.491455078125 0.02099609375 0.02099609375
0 0.15234375 0.509521484375 0.01318359375 0.013671875
0 0.561767578125 0.505615234375 0.02197265625 0.01708984375
0 0.528564453125 0.13720703125 0.01513671875 0.0146484375
0 0.2333984375 0.964599609375 0.01123046875 0.0107421875
0 0.506591796875 0.39990234375 0.02587890625 0.02392578125
0 0.10693359375 0.801025390625 0.009765625 0.01171875
0 0.1962890625 0.47607421875 0.015625 0.01611328125
0 0.134765625 0.509521484375 0.01708984375 0.017578125
0 0.532958984375 0.126708984375 0.0185546875 0.0185546875
0 0.58349609375 0.4296875 0.0166015625 0.01708984375
0 0.56689453125 0.407470703125 0.02685546875 0.02197265625
0 0.536865234375 0.416748046875 0.01220703125 0.015625
0 0.4951171875 0.419677734375 0.02294921875 0.02392578125
0 0.3037109375 0.757568359375 0.0166015625 0.017578125
0 0.101318359375 0.839111328125 0.01953125 0.01953125
0 0.6337890625 0.279296875 0.01171875 0.01025390625
0 0.33642578125 0.751953125 0.01904296875 0.0205078125
0 0.627685546875 0.262939453125 0.02001953125 0.01806640625
0 0.204833984375 0.65087890625 0.017578125 0.01806640625
0 0.333251953125 0.70654296875 0.0126953125 0.01171875
0 0.886962890625 0.8671875 0.0146484375 0.013671875
0 0.87744140625 0.86181640625 0.01220703125 0.0126953125
0 0.50341796875 0.388916015625 0.0078125 0.00830078125
0 0.552978515625 0.431640625 0.025390625 0.02099609375
0 0.30908203125 0.744873046875 0.00732421875 0.0087890625
0 0.184326171875 0.404052734375 0.0078125 0.00830078125
0 0.516357421875 0.420654296875 0.0283203125 0.0283203125
0 0.24169921875 0.671630859375 0.01611328125 0.01611328125
0 0.326416015625 0.732421875 0.0068359375 0.00732421875
0 0.551025390625 0.40869140625 0.02294921875 0.0224609375
0 0.34033203125 0.763671875 0.01220703125 0.01220703125
0 0.331298828125 0.72412109375 0.00732421875 0.00732421875
0 0.62646484375 0.248779296875 0.0185546875 0.01513671875
0 0.3388671875 0.73388671875 0.00927734375 0.00927734375
0 0.317626953125 0.733154296875 0.0107421875 0.01025390625
0 0.319091796875 0.744873046875 0.01513671875 0.0126953125
0 0.23388671875 0.498046875 0.01123046875 0.01171875
0 0.35107421875 0.767333984375 0.00927734375 0.00830078125
0 0.244140625 0.68115234375 0.009765625 0.00634765625
0 0.554931640625 0.421875 0.01513671875 0.01220703125
0 0.523681640625 0.086669921875 0.01953125 0.0185546875
0 0.302978515625 0.767333984375 0.00927734375 0.0087890625
0 0.319580078125 0.755615234375 0.0205078125 0.0205078125
0 0.33740234375 0.7265625 0.00732421875 0.00634765625
0 0.5263671875 0.355712890625 0.01806640625 0.01123046875
0 0.529296875 0.363525390625 0.0185546875 0.0107421875
0 0.522705078125 0.36767578125 0.009765625 0.0087890625