0 0.67421875 0.2734375 0.0125 0.0125
0 0.71328125 0.28828125 0.0171875 0.0171875
0 0.784375 0.31171875 0.0203125 0.0203125
0 0.61484375 0.30390625 0.015625 0.015625
0 0.6375 0.32734375 0.0375 0.0328125
0 0.69453125 0.3578125 0.0203125 0.025
0 0.71875 0.375 0.0234375 0.0265625
0 0.6625 0.37734375 0.0171875 0.015625
0 0.63359375 0.38671875 0.0203125 0.021875
0 0.58125 0.37578125 0.015625 0.0171875
0 0.51640625 0.34609375 0.015625 0.015625
0 0.47265625 0.28515625 0.0265625 0.0203125
0 0.41171875 0.3 0.03125 0.0265625
0 0.36875 0.34375 0.0203125 0.01875
0 0.2296875 0.29765625 0.01875 0.021875
0 0.17109375 0.30078125 0.0234375 0.0171875
0 0.13671875 0.3296875 0.015625 0.01875
0 0.21875 0.32578125 0.028125 0.0171875
0 0.2328125 0.33984375 0.0234375 0.01875
0 0.27578125 0.34140625 0.0234375 0.0265625
0 0.2484375 0.35859375 0.0234375 0.0203125
0 0.21953125 0.3640625 0.0234375 0.0171875
0 0.15 0.37421875 0.028125 0.0234375
0 0.09375 0.396875 0.021875 0.0171875
0 0.1984375 0.39296875 0.021875 0.01875
0 0.21796875 0.3859375 0.0234375 0.0234375
0 0.29765625 0.40546875 0.025 0.0234375
0 0.28203125 0.425 0.021875 0.0234375
0 0.16015625 0.4125 0.01875 0.01875
0 0.17265625 0.428125 0.025 0.0234375
0 0.19140625 0.4515625 0.028125 0.021875
0 0.215625 0.475 0.0203125 0.0203125
0 0.1375 0.46484375 0.0203125 0.01875
0 0.15390625 0.49375 0.021875 0.021875
0 0.0859375 0.4921875 0.0203125 0.0234375
0 0.10078125 0.53828125 0.0171875 0.01875
0 0.12734375 0.5265625 0.01875 0.01875
0 0.13125 0.55 0.025 0.0203125
0 0.2078125 0.5375 0.015625 0.0203125
0 0.06171875 0.5765625 0.021875 0.0203125
0 0.0203125 0.6171875 0.0296875 0.0265625
0 0.0578125 0.60546875 0.0234375 0.0234375
0 0.21484375 0.5859375 0.0265625 0.021875
0 0.12578125 0.6546875 0.021875 0.025
0 0.128125 0.6796875 0.01875 0.015625
0 0.065625 0.68828125 0.0203125 0.015625
0 0.0921875 0.70703125 0.025 0.01875
0 0.07890625 0.72890625 0.0203125 0.0171875
0 0.178125 0.67421875 0.0125 0.0125
0 0.125 0.73515625 0.01875 0.0234375
0 0.109375 0.77265625 0.0234375 0.0203125
0 0.13359375 0.7796875 0.0171875 0.0171875
0 0.01328125 0.8171875 0.021875 0.0203125
0 0.1515625 0.8171875 0.0203125 0.01875
0 0.1890625 0.8640625 0.0203125 0.0203125
0 0.1515625 0.9203125 0.0296875 0.028125
0 0.24140625 0.83359375 0.0234375 0.025
0 0.259375 0.946875 0.0203125 0.0203125
0 0.3375 0.93671875 0.0203125 0.01875
0 0.3375 0.87265625 0.021875 0.01875
0 0.25078125 0.746875 0.03125 0.0234375
0 0.26953125 0.7125 0.021875 0.0234375
0 0.24375 0.6875 0.0265625 0.021875
0 0.20703125 0.6625 0.0265625 0.0296875
0 0.2203125 0.61640625 0.025 0.03125
0 0.3234375 0.51328125 0.0203125 0.025
0 0.32578125 0.72421875 0.0390625 0.021875
0 0.35546875 0.7703125 0.01875 0.0203125
0 0.340625 0.66640625 0.015625 0.01875
0 0.36796875 0.70234375 0.0234375 0.015625
0 0.36484375 0.68203125 0.0265625 0.0203125
0 0.40078125 0.675 0.0140625 0.0234375
0 0.43203125 0.68046875 0.015625 0.021875
0 0.45625 0.684375 0.028125 0.0296875
0 0.40546875 0.765625 0.0203125 0.021875
0 0.42734375 0.77109375 0.025 0.0203125
0 0.39140625 0.81328125 0.0203125 0.0171875
0 0.39921875 0.83828125 0.01875 0.0140625
0 0.4171875 0.85078125 0.025 0.01875
0 0.46171875 0.86484375 0.025 0.021875
0 0.46640625 0.8078125 0.0234375 0.01875
0 0.49140625 0.82109375 0.0296875 0.0203125
0 0.50625 0.77265625 0.0171875 0.01875
0 0.490625 0.7453125 0.015625 0.0125
0 0.3765625 0.8140625 0.015625 0.0171875
0 0.44765625 0.65390625 0.0171875 0.0171875
0 0.46640625 0.6390625 0.021875 0.0265625
0 0.46484375 0.5984375 0.028125 0.0234375
0 0.38984375 0.55234375 0.01875 0.0171875
0 0.41484375 0.5203125 0.01875 0.015625
0 0.453125 0.54921875 0.0203125 0.0171875
0 0.4546875 0.5625 0.0234375 0.0203125
0 0.4953125 0.56953125 0.021875 0.0203125
0 0.49375 0.54609375 0.01875 0.01875
0 0.45703125 0.4921875 0.025 0.021875
0 0.4765625 0.46875 0.0234375 0.0234375
0 0.378125 0.475 0.01875 0.015625
0 0.36484375 0.4 0.0171875 0.0140625
0 0.378125 0.41953125 0.0265625 0.028125
0 0.434375 0.38359375 0.015625 0.015625
0 0.46015625 0.4171875 0.0203125 0.015625
0 0.4890625 0.41171875 0.0171875 0.0171875
0 0.52734375 0.43125 0.0265625 0.0203125
0 0.421875 0.42265625 0.021875 0.0171875
0 0.4171875 0.3578125 0.0203125 0.015625
0 0.43125 0.3453125 0.0203125 0.0171875
0 0.06015625 0.93515625 0.025 0.028125
0 0.1578125 0.76015625 0.021875 0.0171875
0 0.15625 0.73515625 0.015625 0.015625
0 0.546875 0.40390625 0.025 0.0375
0 0.57734375 0.40625 0.0234375 0.01875
0 0.575 0.4375 0.03125 0.021875
0 0.51171875 0.48359375 0.0203125 0.01875
0 0.6234375 0.43984375 0.0234375 0.0234375
0 0.675 0.4515625 0.021875 0.0203125
0 0.76640625 0.40546875 0.0234375 0.028125
0 0.8296875 0.41171875 0.025 0.025
0 0.6203125 0.49296875 0.0171875 0.0203125
0 0.62109375 0.51953125 0.01875 0.0203125
0 0.6265625 0.54140625 0.0203125 0.015625
0 0.6609375 0.5421875 0.01875 0.0171875
0 0.67890625 0.5234375 0.034375 0.028125
0 0.70390625 0.5140625 0.0234375 0.01875
0 0.73125 0.54140625 0.0234375 0.0328125
0 0.6109375 0.6125 0.01875 0.0203125
0 0.5921875 0.565625 0.0203125 0.015625
0 0.56953125 0.653125 0.0265625 0.0203125
0 0.559375 0.66875 0.0265625 0.0234375
0 0.60859375 0.66484375 0.021875 0.015625
0 0.61015625 0.67578125 0.0234375 0.01875
0 0.6390625 0.66640625 0.0171875 0.01875
0 0.6734375 0.63515625 0.0203125 0.025
0 0.58671875 0.7328125 0.0171875 0.015625
0 0.59375 0.74296875 0.0125 0.0140625
0 0.609375 0.70234375 0.0125 0.009375
0 0.5546875 0.78359375 0.0171875 0.015625
0 0.56328125 0.8234375 0.0171875 0.015625
0 0.5859375 0.80625 0.0203125 0.01875
0 0.6015625 0.69609375 0.0125 0.0109375
0 0.79140625 0.56015625 0.0234375 0.0234375
0 0.80546875 0.59765625 0.021875 0.021875
0 0.8484375 0.603125 0.0203125 0.01875
0 0.85625 0.609375 0.0234375 0.0171875
0 0.865625 0.54140625 0.0203125 0.0203125
0 0.83125 0.5453125 0.01875 0.0203125
0 0.87578125 0.5796875 0.021875 0.0203125
0 0.7609375 0.65234375 0.0265625 0.0328125
0 0.8578125 0.765625 0.0140625 0.021875
0 0.8984375 0.725 0.0234375 0.01875
0 0.81171875 0.78046875 0.0296875 0.025
0 0.8578125 0.81015625 0.0171875 0.0171875
0 0.8078125 0.68984375 0.028125 0.025
0 0.803125 0.53359375 0.025 0.021875
0 0.4859375 0.94765625 0.0265625 0.025
0 0.5 0.9078125 0.0265625 0.0234375
0 0.26328125 0.4203125 0.0234375 0.021875
0 0.3015625 0.47265625 0.0234375 0.01875
0 0.33046875 0.46640625 0.0328125 0.03125
0 0.49453125 0.39453125 0.0125 0.0140625
0 0.4171875 0.453125 0.0171875 0.0171875
0 0.36796875 0.45625 0.0171875 0.0171875
0 0.39765625 0.4546875 0.0171875 0.01875
0 0.63046875 0.69921875 0.0171875 0.015625
0 0.6453125 0.6140625 0.021875 0.021875
0 0.37109375 0.33203125 0.015625 0.0140625
0 0.70859375 0.3921875 0.009375 0.0109375
0 0.68046875 0.36328125 0.009375 0.0109375
0 0.49453125 0.75703125 0.0171875 0.0125
0 0.68046875 0.7390625 0.03125 0.0328125
0 0.665625 0.45546875 0.01875 0.01875
0 0.12578125 0.4421875 0.01875 0.0234375
0 0.35703125 0.625 0.021875 0.0171875