0 0.90703125 0.9125 0.0375 0.034375
0 0.97109375 0.8828125 0.0359375 0.028125
0 0.99140625 0.9140625 0.0140625 0.0265625
0 0.8953125 0.95234375 0.034375 0.025
0 0.7984375 0.95546875 0.0265625 0.025
0 0.82890625 0.93125 0.0234375 0.01875
0 0.81328125 0.89140625 0.0234375 0.021875
0 0.721875 0.9625 0.03125 0.0328125
0 0.678125 0.953125 0.03125 0.0421875
0 0.6765625 0.86015625 0.028125 0.028125
0 0.78671875 0.87265625 0.0234375 0.01875
0 0.76953125 0.85390625 0.021875 0.0171875
0 0.7361718749999999 0.825 0.01515625 0.021875
0 0.75 0.796875 0.0234375 0.0265625
0 0.80078125 0.74921875 0.0203125 0.025
0 0.846875 0.7734375 0.034375 0.0296875
0 0.8578125 0.8046875 0.028125 0.0171875
0 0.875 0.8390625 0.0234375 0.03125
0 0.9421875 0.80703125 0.0265625 0.015625
0 0.9328125 0.8234375 0.021875 0.021875
0 0.97109375 0.78984375 0.0265625 0.0234375
0 0.98828125 0.8109375 0.015625 0.03125
0 0.9359375 0.67734375 0.01875 0.01875
0 0.91953125 0.66015625 0.03125 0.0234375
0 0.85571875 0.63775 0.035984375 0.034375
0 0.971875 0.6671875 0.028125 0.0234375
0 0.96640625 0.63203125 0.0375 0.0328125
0 0.9734375 0.60234375 0.01875 0.0140625
0 0.7453125 0.6734375 0.0296875 0.0265625
0 0.80078125 0.5515625 0.0375 0.028125
0 0.8125 0.52890625 0.04375 0.0546875
0 0.88984375 0.49375 0.0390625 0.0328125
0 0.903125 0.53359375 0.0328125 0.025
0 0.97421875 0.52578125 0.0265625 0.0203125
0 0.9265625 0.478125 0.034375 0.0296875
0 0.59296875 0.4984375 0.0328125 0.028125
0 0.584375 0.615625 0.0296875 0.03125
0 0.690625 0.6140625 0.04375 0.03125
0 0.64609375 0.74375 0.025 0.025
0 0.6301875 0.777875 0.02475 0.021390625
0 0.80234375 0.68046875 0.05 0.03125
0 0.8458593750000001 0.678125 0.03121875 0.027687499999999997
0 0.92265625 0.7046875 0.0171875 0.0140625
0 0.65021875 0.663984375 0.027734375 0.026171875
0 0.553125 0.66640625 0.028125 0.028125
0 0.56875 0.68984375 0.03125 0.0265625
0 0.47265625 0.9203125 0.0359375 0.03125
0 0.45 0.93671875 0.0390625 0.0265625
0 0.5299375000000001 0.786734375 0.032921875 0.030734375
0 0.5742499999999999 0.78328125 0.032859375 0.02703125
0 0.34962499999999996 0.8377812499999999 0.042749999999999996 0.037453125
0 0.4546875 0.7828125 0.0296875 0.0234375
0 0.2984375 0.93203125 0.0359375 0.0296875
0 0.35234375 0.92421875 0.021875 0.0234375
0 0.31015625 0.96640625 0.028125 0.01875
0 0.346875 0.9484375 0.0265625 0.0203125
0 0.48046875 0.7203125 0.0328125 0.0328125
0 0.49375 0.66953125 0.028125 0.0296875
0 0.3231875 0.7671875 0.03075 0.025
0 0.2921875 0.75390625 0.0234375 0.0234375
0 0.3390625 0.72578125 0.028125 0.028125
0 0.4015625 0.70546875 0.0296875 0.025
0 0.3296875 0.67421875 0.0296875 0.028125
0 0.38515625 0.65703125 0.0171875 0.0171875
0 0.40862499999999996 0.609375 0.018828125 0.0203125
0 0.34765625 0.62109375 0.0265625 0.025
0 0.36015625 0.6 0.03125 0.021875
0 0.42660937499999996 0.5768125000000001 0.021984375 0.019265625
0 0.42734375 0.55078125 0.0296875 0.025
0 0.46640625 0.81640625 0.0328125 0.040625
0 0.4109375 0.528125 0.028125 0.0296875
0 0.29425 0.571578125 0.02765625 0.0203125
0 0.23384375 0.49924999999999997 0.034453125 0.026609375
0 0.2736875 0.47265625 0.031328125 0.028125
0 0.359375 0.4375 0.0328125 0.0234375
0 0.4046875 0.39140625 0.0265625 0.0203125
0 0.4453125 0.4015625 0.0171875 0.0125
0 0.4296875 0.36484375 0.0375 0.0328125
0 0.26484375 0.39296875 0.0203125 0.0171875
0 0.39296875 0.27421875 0.0453125 0.0359375
0 0.2734375 0.30234375 0.040625 0.028125
0 0.49301562499999996 0.13670312499999998 0.046984375 0.04690625
0 0.42262500000000003 0.15778125 0.0475625 0.046875
0 0.5796875 0.19296875 0.0359375 0.0328125
0 0.6822812500000001 0.263765625 0.033890625 0.032203125
0 0.6078125 0.11015625 0.0484375 0.028125
0 0.6046875 0.13984375 0.034375 0.0203125
0 0.5007343750000001 0.26615625 0.032968750000000005 0.031359375
0 0.583390625 0.282 0.037578125000000004 0.0390625
0 0.63203125 0.209375 0.028125 0.021875
0 0.7234375 0.06171875 0.0390625 0.0390625
0 0.796875 0.0859375 0.0484375 0.0390625
0 0.858046875 0.18359375 0.04171875 0.034375
0 0.865625 0.2875 0.0359375 0.03125
0 0.90234375 0.37578125 0.028125 0.0265625
0 0.9328125 0.39609375 0.01875 0.0171875
0 0.79921875 0.3953125 0.0296875 0.0171875
0 0.94759375 0.02421875 0.034234375 0.028125
0 0.9734375 0.1015625 0.0203125 0.0265625
0 0.95390625 0.12578125 0.028125 0.028125
0 0.76875 0.0234375 0.0296875 0.028125
0 0.12054687500000001 0.848234375 0.03234375 0.03396875
0 0.1921875 0.771875 0.025 0.0265625
0 0.228265625 0.740125 0.03503125 0.025546875000000004
0 0.28125 0.7 0.025 0.025
0 0.12265625 0.76640625 0.021875 0.021875
0 0.146875 0.76484375 0.0234375 0.021875
0 0.03178125 0.84790625 0.02296875 0.035453125
0 0.1421875 0.6875 0.0234375 0.0265625
0 0.203125 0.640625 0.0328125 0.028125
0 0.18671875 0.60078125 0.0265625 0.01875
0 0.1453125 0.59609375 0.025 0.028125
0 0.05078125 0.6015625 0.0203125 0.0203125
0 0.071875 0.575 0.028125 0.0203125
0 0.05546875 0.528125 0.028125 0.028125
0 0.10234375 0.50078125 0.0265625 0.015625
0 0.175 0.503125 0.028125 0.021875
0 0.1890625 0.53046875 0.0234375 0.01875
0 0.171875 0.5453125 0.025 0.01875
0 0.03046875 0.47578125 0.0203125 0.01875
0 0.03671875 0.4359375 0.028125 0.03125
0 0.34765625 0.3921875 0.028125 0.03125
0 0.11640625 0.29140625 0.0296875 0.0234375
0 0.0734375 0.29609375 0.0234375 0.021875
0 0.1109375 0.32265625 0.025 0.0234375
0 0.01328125 0.1609375 0.0203125 0.025
0 0.05703125 0.12109375 0.028125 0.025
0 0.24609375 0.2109375 0.025 0.025
0 0.0734375 0.03828125 0.034375 0.0296875
0 0.1796875 0.0234375 0.0234375 0.015625
0 0.20546875 0.034375 0.04375 0.034375
0 0.0421875 0.23828125 0.025 0.0265625
0 0.1515625 0.27109375 0.0265625 0.03125
0 0.18359375 0.2578125 0.0328125 0.021875
0 0.1609375 0.24765625 0.021875 0.01875
0 0.084984375 0.95096875 0.02559375 0.02409375
0 0.08156250000000001 0.9835625 0.02784375 0.02553125
0 0.094609375 0.9065468750000001 0.031453125 0.0325
0 0.26015625 0.8953125 0.025 0.0234375
0 0.5319843750000001 0.059921875 0.029796875 0.023515625000000002
0 0.2984375 0.09765625 0.0359375 0.0375
0 0.31484375 0.21796875 0.0609375 0.028125
0 0.67421875 0.18671875 0.04375 0.04375
0 0.89296875 0.11015625 0.025 0.025
0 0.90234375 0.13125 0.0359375 0.03125
0 0.94921875 0.1546875 0.025 0.025
0 0.2234375 0.37109375 0.0359375 0.025
0 0.05625 0.3359375 0.03125 0.0265625
0 0.1609375 0.39921875 0.0296875 0.0265625
0 0.36640625 0.1515625 0.028125 0.021875
0 0.12109375 0.2453125 0.0328125 0.021875
0 0.938640625 0.2018125 0.03353125 0.027640625000000002
0 0.28195312499999997 0.42973437499999995 0.030859375 0.034484375
0 0.140625 0.34375 0.0328125 0.0171875
0 0.27734375 0.24453125 0.040625 0.0265625
0 0.2140625 0.17109375 0.0328125 0.028125
0 0.021875 0.0828125 0.0234375 0.0265625
0 0.93553125 0.7339375 0.013328125 0.013828125
0 0.04021875 0.578953125 0.017937500000000002 0.020499999999999997
0 0.79771875 0.8151406250000001 0.018437500000000002 0.01946875
0 0.91071875 0.337046875 0.02384375 0.026828125
0 0.435640625 0.624890625 0.02703125 0.0258125
0 0.6070625 0.524421875 0.024578125 0.02028125
0 0.15232812499999998 0.451734375 0.0244375 0.015953125000000002
0 0.1565625 0.48240625000000004 0.015953125000000002 0.0224375
0 0.080671875 0.710109375 0.026265624999999997 0.025640625
0 0.2661875 0.12271875000000002 0.04871875 0.04871875
0 0.8155625000000001 0.033187499999999995 0.028015625 0.02253125
0 0.7984843749999999 0.011828125 0.023140625 0.019484375
0 0.5221250000000001 0.32215625000000003 0.030765625 0.0393125
0 0.125765625 0.5780624999999999 0.0263125 0.027546875
0 0.032 0.7113125 0.020921875 0.032890625
0 0.046765625 0.9682968750000001 0.0290625 0.029515625