0 0.16953125 0.0375 0.0359375 0.034375
0 0.4265625 0.53046875 0.04375 0.0390625
0 0.5984375 0.1 0.0359375 0.0328125
0 0.2421875 0.803125 0.034375 0.034375
0 0.35703125 0.5296875 0.0359375 0.0375
0 0.1421875 0.321875 0.0390625 0.0390625
0 0.21640625 0.12578125 0.0359375 0.0328125
0 0.67578125 0.27578125 0.028125 0.0296875
0 0.3765625 0.16328125 0.0328125 0.0265625
0 0.54140625 0.04765625 0.03125 0.0375
0 0.609375 0.3328125 0.0328125 0.03125
0 0.2265625 0.225 0.0375 0.0328125
0 0.18828125 0.71640625 0.0265625 0.028125
0 0.2703125 0.0796875 0.0296875 0.0296875
0 0.33046875 0.71015625 0.0359375 0.03125
0 0.284375 0.9203125 0.03125 0.03125
0 0.603125 0.765625 0.0296875 0.03125
0 0.1078125 0.46640625 0.0375 0.034375
0 0.1015625 0.3 0.0328125 0.0359375
0 0.73515625 0.31875 0.028125 0.03125
0 0.69140625 0.2203125 0.0375 0.034375
0 0.8140625 0.434375 0.034375 0.0265625
0 0.684375 0.12578125 0.0359375 0.0328125
0 0.05234375 0.92265625 0.03125 0.028125
0 0.49296875 0.77734375 0.028125 0.03125
0 0.64375 0.11171875 0.034375 0.0328125
0 0.37109375 0.83828125 0.0296875 0.028125
0 0.5515625 0.334375 0.03125 0.0328125
0 0.81171875 0.51484375 0.0296875 0.03125
0 0.47578125 0.215625 0.0359375 0.03125
0 0.3328125 0.228125 0.0328125 0.03125
0 0.0375 0.3 0.0328125 0.0296875
0 0.44375 0.48046875 0.0375 0.0359375
0 0.2421875 0.1609375 0.0359375 0.0296875
0 0.22109375 0.66875 0.0296875 0.03125
0 0.45625 0.04921875 0.0234375 0.025
0 0.44609375 0.84921875 0.028125 0.025
0 0.06953125 0.209375 0.0453125 0.0390625
0 0.31953125 0.34765625 0.04375 0.0328125
0 0.275 0.61640625 0.03125 0.0359375
0 0.7 0.55 0.0359375 0.028125
0 0.496875 0.01484375 0.0375 0.0296875
0 0.209375 0.45625 0.0390625 0.03125
0 0.596875 0.6 0.03125 0.0234375
0 0.58671875 0.675 0.025 0.0265625
0 0.17421875 0.8640625 0.034375 0.03125
0 0.175 0.5796875 0.034375 0.0328125
0 0.52109375 0.740625 0.034375 0.0390625
0 0.22890625 0.4828125 0.0234375 0.0234375
0 0.8 0.228125 0.034375 0.03125
0 0.38125 0.2484375 0.03125 0.0328125
0 0.21796875 0.95 0.0328125 0.034375
0 0.2671875 0.396875 0.0359375 0.0296875
0 0.3453125 0.9125 0.03125 0.0296875
0 0.2765625 0.8578125 0.03125 0.03125
0 0.04375 0.51796875 0.0296875 0.0171875
0 0.590625 0.55 0.03125 0.028125
0 0.6640625 0.153125 0.0375 0.040625
0 0.41796875 0.4171875 0.03125 0.028125
0 0.53515625 0.49140625 0.0265625 0.0265625
0 0.3078125 0.253125 0.0390625 0.0359375
0 0.4328125 0.5953125 0.03125 0.025
0 0.10859375 0.9484375 0.0234375 0.0234375
0 0.0890625 0.6140625 0.0265625 0.0234375
0 0.31953125 0.63125 0.0296875 0.028125
0 0.31328125 0.46796875 0.0328125 0.03125
0 0.18046875 0.834375 0.021875 0.0234375
0 0.584375 0.0296875 0.0265625 0.028125
0 0.3 0.85859375 0.0203125 0.0234375
0 0.0640625 0.15703125 0.034375 0.0390625
0 0.82890625 0.11484375 0.03125 0.03125
0 0.284375 0.49375 0.03125 0.028125
0 0.23515625 0.059375 0.0484375 0.0390625
0 0.86328125 0.046875 0.0359375 0.0328125
0 0.34140625 0.57734375 0.0375 0.03125
0 0.36953125 0.8890625 0.0375 0.0390625
0 0.3625 0.653125 0.0203125 0.021875
0 0.4875 0.8796875 0.03125 0.025
0 0.2375 0.63203125 0.0390625 0.0296875
0 0.00859375 0.1671875 0.0171875 0.0359375
0 0.1640625 0.88828125 0.0234375 0.021875
0 0.49296875 0.86015625 0.025 0.0203125
0 0.67578125 0.23828125 0.0265625 0.0234375
0 0.31171875 0.26953125 0.034375 0.028125
0 0.296875 0.525 0.03125 0.0328125
0 0.04765625 0.02109375 0.04375 0.025
0 0.321875 0.459375 0.0234375 0.021875
0 0.32734375 0.4453125 0.03125 0.0265625
0 0.8453125 0.06328125 0.0265625 0.0265625
0 0.3 0.6578125 0.0421875 0.040625
0 0.2109375 0.64921875 0.0203125 0.015625
0 0.01328125 0.18359375 0.0203125 0.0234375
0 0.52890625 0.796875 0.0234375 0.025
0 0.03984375 0.534375 0.0203125 0.015625
0 0.81484375 0.4140625 0.028125 0.015625
0 0.371875 0.9140625 0.0234375 0.0203125
0 0.06015625 0.36015625 0.028125 0.021875
0 0.1875 0.50234375 0.040625 0.0296875
0 0.71328125 0.46484375 0.04375 0.040625
0 0.7984375 0.33125 0.0359375 0.040625
0 0.39296875 0.50859375 0.0296875 0.025
0 0.81796875 0.384375 0.0140625 0.01875
0 0.028125 0.9890625 0.0265625 0.0203125
0 0.025 0.9671875 0.028125 0.0265625
0 0.15078125 0.990625 0.021875 0.01875